001111000001111000111100001110000111011100000000001110000000000000111100000000000011110000000000000000000001100000011000000000000000000100000000001111000000000000100100
011111100011111101111110110101100100010000000000010001000000000000100100000000000010010000111100000110000001100000111100000000000000001000011000000101000000110010011100
001011100011101000101110111111100100010000000000101010100000000000111100000000000011110001000010010110100001100000111000000000000000010000011000001111000000110010011000
001001100011001000100110011011000111011100011000100000100111100000011000110110110001100001000010010000100011110000011111001000000000100000111100000110000001100010111101
000111000001110000011100101110100100010000011000010100111001010000111100111111110011110001111110011111100111111000111100011101110001000001111110001111000011111001111111
001111100011111000111110011111000100010000000000001000011111111100111100010110100011110001100110001111001011110101111110011101010010000001111110001111000101110100111101
010101010101010101010101001110000100010000000000001000101011101100100100101001010010010000111100101001010010010000100100111111110110000000111100001001000001010000100100
000101000001010000010100011011000100010000000000000111000110011001100110000000000110011000000000001001000010010000110110010100001110000000100100011001100001010001100110
000110000011110000000000000110000001100000000000000000000110000000011000000000000000000001000010000000000001100000010000110000000001100000011000000110000001100000011000
010110100011110000111000001111000001100000111100000110000110000000011000000000000001100000111100000000000111111010001100110000000001100000011000000110000011110000011000
110110110011110000111000000110000001100001000010000110000000000000011000000110000011110000100100000000000001100001011110111000000011110000011000001111000001100000111100
111111110001100000010000001111000011110001010010001111001111000000111100000110000001100000111100000110000011110001111011011000000111110000111100011111100011110001111110
111111110011110001111100011101100111111001001010011111101110100001111110000110000011110001111110000110000111111001111111010000001011110001111110101111010111111010111101
101111010011110000111000101111011011110101000010011111101110000110111101001111000101101010111101000000001011110101011110110000001011110010111110101111011011110110111101
001001000010010000101000011111100010010000111100011001100110011100100100000110000011110000100100000000000010010010001100111100001110010000100100001001000010010000100100
001001000110011000101000011001100010010000000000001001000110010100100100001001000010010000100100000000000010010000010000000000000010010000000100001001000010010000100100
000110000011110000000000000000000011110000001000000000000101010000000000000000000000000001011010000110000100000000011000000110000001100000011000001001000000110000000000
000110000011110000000000001100000111111010000010111001111010100000111100001111000000000000111100000101010011000000011010000110000000000000011000001111000110111000011000
000110000011110000111100001011000110101000111000101001011010101000111100001111000011110000011000001110011000110001111110000100000011100000111100011111100110001000011000
001111000111111001111110010000100111111000101000111111111111101000111100001010000010100001111110111111011101101001011000001111000001100001011010010110100011111000111100
011111101011110101011010100101010111111001111100010000101111110001111110000111000011110010111101111110110111111000011000010110100001100000011000011001100000100001111110
101111011011110101111110100000010010010000111000101001011111100010111101010000010001100000011000010110000100010011011110000110000001100000011000011111100011110010111101
001001000010010001111110100000010010010000101000100110010111000000100100010101010001100000101100001011001000100001110010001001000011110000100100001001000100001000100100
001001000010000000100100011111100000000000101000011111100111000000000100000101000001100001100000011000000000000000000011001001000000000000100100001001001100001100100100
001111000010010000011000000000001111100000000100000000000000000000111100000000000000000000000000000110000000000000000000000000000001100000000000000111000010000000111000
011111100011110010011001011001101000000000011110000000000111111000111100000110000000000000000000000110000011110000100100000110000001100000111100000011000010000000101000
110110110001100010000001011111101010000000111100000110000100001000011000000110000111111001000101000010000111111001111110001111000111111001001010000010000011110000111100
101111011010010111111111010110101001000001111100001111000110011000111100001111000100001010000111001111000110101001011010001111001011110101001010000111000110010000010000
100110010101101010011001011111101000100011001100001111000100001011111111001111000110011010111111010110100111111011111110000110001001100111111111001111100100001000111000
111111110001100010011001011111100000010000000100000110000111111010111101011111100100001011111110000110000111111001111111001111001010010111111111010111010100001001111100
111111110010011010100101001001000000000011111111000000000100001000100100001001000111111001111110001001000111111001000010000110000010010011111111000101000011110000101000
011111100010000010100101000000000000000001111110000000000100001000100100000000000100001010100100001001000010010000000010001001000010010001101110000101000000000000101000
000110000001100000000000000110000011100000000000000110000001100000011000000000000011110000011000000001100000000000000000000000000000000000011000000000000011100011000000
000110000001100000111100000110000011100000010000000110000010010000011000000000000111111000011000000001110011100000011000001001000011110000111100001111000111110011000011
000110000001100001111110000111000011100000010000000110000011110000111100000000000111010000111100010100010011100000011000000110000111111000111100011101101001001001000011
001111000011110001111110000110000011100100010000001111001011110001111110000110000110010001011010011100110011110001111110000010000101011000111100011111101011011011000010
011111100111111001111110100100011111111100010000011111101111111110111101001111000011100001011010011100100001110001111110011111100101011000100100011100001111111001100111
101111011011110101111110111111110011100100111001101111010011110100111100010110100111110000111100011111000011111000011000000110000111111000100100011110001100111001000010
001001000010010000111100011111100011100000111000001001000011110000100100011111101010101000100100001111000101110100011000001001000111111000100100001111001111111011100111
010001000010010000000000001111000011100001111101001001000010010000100100011111100010100000100100001001000001010000000000010000100011110000100100001001001010101010000101
011110000001100000011110001111000001100000000000001100000001100000000000000110000001001000000000011111100110011010000001000000000000000000000000000000000000000000000000
100001000001100000010100010010100001100000011000001100000001100000100100001011000001001000000000010110100101101011111111000000000000000000111100000000000000000000111000
100001000001100000011110001111000001100000011000000100000001100001011010000110000001111000011000011111100111111011111111001101100000010001111110000111000101111001010100
100001000011110000010000000110000011110000111100011111000011110011111110010111000001111000111100001111001101101111111111001011010101001001101010001010100111101001111100
100010000111111001011110011111100111111001111110101110100111111011111110001110100101111001011010011111100110011011111111011111110111001001101010001010100011110000111000
011101001011110110000001000110001011110001111110001010001011110100111111000110000011110000111100101111010011110000111100011000010111110001111110011111110011110001111100
000000100010010010000001001001000010010000100100001010000010010000001111001010000011110000100100101001011111111100011000011111100011110001011010001111100010010010111010
000000010010010001111110011111100000010000100100001010000010010000010110010001000010010000100100001001000111111000011000011010100010010000000000000101000000000000101000
000000000011110000111100000000000000000000000110100110010000000000011000001111000011110000000000000110000001100000011000110110110001100000111100000110000000000000011000
000000000111111000111100101111010000000011000110100110010011110000011000001111000010100000000000000110000001100000011000000110000001100001000010000110000001100000100100
000110000110101000111100111111110101000111111110001001000010010000011000001111000011110000000000000110000001100000011000110100100000000010000001000110000001100001111110
010110000110101000011000010110100111000101011010010110100111111000011000000110000111111000000000000110000011110000111100000100000000000010010101001111000011110001111110
010100110111111001111110001111000111001001111110010110100011110000011000001111000111111000000000000110000111111001111110000100001000001010000001011111100011110001111110
011111110011110010111101000110110011110001111110001001000011110000011000000110000111111000000000000110001011110110111101110101100000000010000001101111010001100001111110
000100110001110000100100110000110011110000111100010110100010010000011000000110000010010000000000000110000010010000100100000100000000000001111110001001000001100000111100
001010000000000000100100110000000010010000000100100000010010000000011000001001000010010000000000000110000010010000100100110101110100100000100100001001000001100000100100
000000000011000000111100000000000000000000100010000010001111111100011000000000000000000000000000011111100110000000000000011110000011110000011100000000000000000000000000
000000000010100001011010000000000001100000010100000111001111111100011000000110000001100000111100010111101001000000110110011110000110011000110100000110000001001000000000
001111000010100010111101000000000001100000111100001111101111111100011000000110000001100000011000011111101001010001111111000111000001100000111100000110000001111000000000
001001000010111000011000000000000111111001011010000111001111111100111100001111000011110000111100111111110111100001101011001110100001100000111100001111000001001000000000
001001000110001000100100000000001011110100111100001010001111111101111110010110100101101000111100001111000001111001100011010110000001100001111110010110100001111000000000
001111001010001000110100000000000011110000011000011100001111111110111101000110000001100000111100001111000010100000110110000111000001100010111101000110000001110000000000
000000000100001001010010000000000010010000111100001001001111111100100100001001000001100000111100111001110000100000011100001001000001100000100100001001000001110000000000
001001000011111000111100000000000010010001010010000000001111111100100100001001000010010000100100000000000000000000001000011011000001100000100100001001000001010000000000
000110000000000000000000000110000010011000111100000110100001100000011000011110000000000001100110000110000000000011111111001111001001000011000011000000000001100000000000
000110000001100010010000001111000010111001111110001111100001100000011000010100000000110010011001000110000000000010000001000110001111000010000001000110000010010000010000
000110000001100011110001010110101101110001011010001010100001100000011000011110000100110000111100000110000000000010000001001111001111001110000001001110000111111000010000
001111000011110011110001011001101110101001111110001111100011110000111100001100000011100001000010001111000000000010000001001001001111000110011001011110101011110101111100
011111100111111011110010011111100010101100111100000111000111111001111110011110000001111010000001011111100001100010000001111111101110000110011001011111001011110101111100
101111011011110101111100011111100001101011111110001111101011110110111101011110000001100010011001101111010001100010000001001111011111111100011000000010000011110001111100
001001000010010001111100001111000000110000111101001111100010010000100100011110000001100010100101001001000001100010000001001111001111111100000000000100000010010000101000
001001000010010001000100000000000000000001000100000101000010010000100000001100000001010011000011000001000010010011111111001000001010010101000010000000000010010000101000
011111100001100000000000100110010000000000001110111001110000000001100111000110000000000000110000001100000000110000000000001111000001100000111100000110001001110000000000
101001010001100000000000110110110000000000111010110110111100001100110101000110000011110000011100011100000000110000111100001010000011110000100100000110000111011000000000
110110110001100000000000011111100001100001111101110110111010010100010111000110000110011011011011010000000000000000111100001111000001100000100100000110000011100000000000
011111100011110000000000111111110011110001111100110110110111111000011100001111001110011001011010001100000001100000011000011111100001100001111110011111100101110000111000
011111100111111000000001011111100010100011111100011111100001100000111100011111100111111000111100001100000011111000111100101111010011110011111111101111011001110001000100
101001011011110100000111111111110011110011111100010110100010010001111110101111010111111001111110001100000101100000111100101111010011110010111101001111001111110001010100
010110100010010000001110001111000011110011111000011111100100001001111000001001000000010000111100011100000010010000111100001001000011110000100100001001000011011001110101
000000000010010000010100011001100011110001010100010000100000000011011100001001000000000000100100000100000000001000000000001001000010010000100100001001000010010011111111
001001000000000000111000000110000000000100011000000000000001100000011000000110000011110000011000000000000000000000000000000000000000000000011000000000000001100000011000
001111000000000000111100011111100000001000011000000110000001100000111100001111000010010000011000001111000000000000011000110110110001100000011000000111000001100000011000
010110100011110000101000001111000000000100011000000110100001100000011000000110000010010000000000010010100000000000100100111111110010000000011000000111000111111000111100
001111000100001001111100000110000001100000111100001111000011110001111110001111000011110000111100100010010000000001100110011111100000101000111100001010100111111001011010
000110001010010101111100011111100111110101111110010110000111111010111101010110100111111001011010100100010000000001111010111111110101000001111110000111001011110100111100
010110101000000101111100101111011011111110111101000111101011110110111101010110001011110101011010010100100000000010110101110110110000010010111101000111000011110000100100
000000000100001000101000001001000111111000100100000100100010010000100100000101000010010000000000001111000001100010110101000000000001100000100100000111000010010000100100
001001000011110000101000001001000011110000100100001000000010010000100100001001000010010000100100000000000001100000011000000000000000000000100100000101000110011000100000
000110000011110001111100000000000011110000000000000000000000000000111000000000000111111011111111000000000001100000010000001111000000000000000000001111000001100000001000
000110000111111011111110000110000011110000000000000000000001100001111100011111101000000111000111011111100001100000111000010000100001100000111100010000100011110001010110
000110001010010101000010000110001001100100000000000000000001100000111000011010101010010110101011011111100001100000111000011001100001100001011010011001100010010001110001
001111001010010101010100001111000111111000000000000000000111111000010000011111101010010110101011010100100011110001111100110000110011110001011010001111000110011001110010
011111100100001001000000010110100011110000000000000000001011110100111000010111001000000110000011010100100111111001111100101111010101101000111100011111100111111000111110
101111011110011110111011000110000011110000000000000000000011110001010100011000100111111000000001010100101011110100111001111111110001100010111101101111010111111000111110
001001000111111010000000000111000010010000000011000000000010010000101000011111100001100000000001011111100010010000010010001111000010010000000000001111000011110000100010
001001001111111100001000001000000110011000000011000000000000000001000100000000000001100010010011000000000010010000001100011001100010010000100100001001000010010000100010
000110000000000000000000000110000000000000000000000110000010000000011100001111000000000000000000111111110000000001011101000110000001000000011000000110000000000000000000
001001000001000000000000000110000001100011111111000111000010000010011100000110000000000000000000110110110001100001111110000110000001100000011000000110000001100000011000
011001100001000001010001000000000001100000000000001110000010101010011000001111000000000001011000111111110001100000101110001111001111110000111100001111000011110000011000
011001100011110001110010010110100011110011111111001110000011111101111110010110100001100011011010101111010011110010111111010110101111111000111100001110100001100000111100
010110100110101001110010100110010101101000000000001110001011111100111101010110100001100001011011001111000101101011111011010110101111111000111100010110000011110001111110
000110000011110000111100000000000001100011111111000110001111111100111101000110000011110000000010110000110001100011111111011111101111110000011000000110000011110010111101
000110000000000000111100001001000010010000000000000110000111111100110100001111000101101000111000111111110010010001110110001001000001100000100100001101000001100000100100
000100000000000000100100001001000010010011111111000110000011111000000110001001000010010000010000111111110010010000100100011001100001000000100100001001000001000000100100
000110000000000000000000001111000000000000100010101010000000000000010110000000000111111000100100001111000010100000000000000000000001100000011000000110000001100001001001
000111000000000000000000001111000011100000010111000000000001100001101111000000000101101000111100001111000011100000010000000110000001100000011000000110000010010000101010
100110010001100000000000001111000011100000100101111100100001100010011111000000000110011001000010001000000011100000000000000110000011110000111100111111110110011000011100
111111110011110000000000000110000011100000100101100100100011110000111111000011000111111010010101001111000001100000111000011111000111111001011010100110010110011001110111
111111110110101000000000011111100001100001111111100111110111111000101110000001100011110010000001011111100011110000111000101111100111111001011010100110010001100000011100
011111100111111000000000101111010011110001111111111111111011110100101010011111110111111010000001101111010101101000010000101111010011111000011000000110000011110000101010
001111000011110000000000001111000111111001111111111111110010010000001010000001100010010001000010000110000011110000101000010001000010010000100100001001000001100001001001
001001000010010000000000001001001111111100100100010100100010010000001001000011000010010010000001001001000111111000101000010001000001010000100100010000100001100000000000
000000000000000000111100000000000011110000011000001111100000000000001000000110000000100000000000000110000001100000111100000111000001100000111100000111000001100000000000
000000000011110000101000000110000111111000111100011111110001100000000100000110000000110000000000000110000001100001011010001000010001100001000010000010000001100000011000
100010100111111000011100000110001111111100010100010010110001100000011100000110001000100000111000000010000001100001111110001111010001100010000001001111000011000000011000
100011101101101100101000001111001111111100111010010000110000000000011100001111000100100000101100001111110001100000100100110111010011110010000001010111100011000000111100
010011101111111101011110011111101111111100000010001111110001100000111100011111100011100001111110001111000011110001111110100011110111111010000001011110100011000001111110
001111101101101101111110101111011111111100011000100111110011110000111000101111010011100001111100000111000101101010111101010111001011110110000001001111000011000010111101
001111000110011000100100001001000111111000111100111111110001100000110000001001000010100000111000001101000001100000111100001111000010010001000010000101000011000000100100
001001000011110000100100001001000011110000011000100111110010010000101000001001000010100000101000000001000010010000100100001001000010010000111100011101100011000000100100
000110000001111100111100000000000011110000011000000001000000000000000000010101000001100000011000000000001010000001111001101110000000000000000000000110000001000000011000
000110000001010101000010000000000010010000011000000001000000111000011000011111000001100000011000000110000000000001100010110101100001100000110000000110000001000000011000
000000000001111110000001000000000010010000011000000001100001111100011000011101000001100000010000001111001010000011111011011111010001110001111010001111000011100000110100
001111000001110010100101100001100111111000111100110011110001010100000000011111000011110001111110000000001110000011111010011011010001100000001010011111100111110000100000
001111000011111010000001010001111111111101111110111111110001111100111100001110000111111010111101000110000000101011111110011111000011110001011010101111011011101000110100
001111000001110010000001001111001011110110111101011111001001111100111100001110001011110110111101001111000000000001001010001110000101101110110100001111000011100000110100
000110000001110010011001001111000011110000100100011111100111111100111100001110000010010000100100001001000000101001011000000110100001100011111100001001000010100000111100
000110000001010010000001001001000011110000100100011110000011111000110000001010000010010000110110001001000000111001000000000011000010100010111100001001000010100000100100
001110000001100000000000000111000001100001100110000110000000000000111110000111000001100001000010000110000011110011000000000000000001110000000000000110000000000000000000
001100000001100000000000001111100001100011100111000110000000000001001001001010000011110011111111000110000111111011101110010000000001110000000000000110000001110000111110
001100000000100000000000001010100001100011000011000110000000000001001001000111000101101001011010001111000101101001111011011000000001100000000000000100000001110001010101
000100000011111000111000001111100011110001011010001111000000000001111111011000100011110001111110010110100111101000111110011110010011010000010100001011000000100001000001
001010000101110100101100001111100111111000111100011111100000000000011111101111100111111000111100010110100110011001111100111011110011010010011110010010100011111000111110
001011000001110001111000001111101011110101111110101111010101101000000111101111011011110100111100000110000101101011111000111111110011111001111110000110000101110100001000
001011000001010000111100001111100010010000111100001001000111111000000011001001010010010001111100001010000100000000100000011111000001111001111100000110000001110000001000
011011100001010000100000000101000010010001000010001001000000000000011110000001000010010000000100000010000100000000000000001110000001100001010100000110000001010000010100
000000000011100000100100000000100000000000000000000110001111111100000000001111000001000000000000000000000011110000000000000000000001100000000000000000000010000000011000
000110000011100001111110001010100000000000111000000110000111100000000000011111100011000001000010000110000011110000011000000000000001100000011000000000000101100000011000
000110000001000101111110001110100000101001100100000110000100100000000000011001100011100011000011001101000011110000111100100000010001100000011000000001110001100000111100
001111000111110101011010001010100000101001100100001111000111100000000000011001100011100010010101011100100001100000000000100000100011110000000000011111010011110000111100
011111101011101111011011011111100110111001111000011111100100101000000000010110100011110011011011010011100011110000111100011111000111111000011000111111110111111000111100
101111010011100101111110101110100111111000111000101111010111111100000000000110000111110000111100001011000101101000011000001010001011110100111100111111111011111000111100
001001000010100111100111101110000011110000011000001001000000001000000000000110000111110001000010000110000101101000011000001010000010010000011000011111100010010000011000
011001100010100100111100001010000010010000011000001001000000000000000000000010000011100000100100000000000010010000100100001010000010010000100100001000100000010000011000
000000000001100000011000001111000011110000011000000110000011110000000000000000000000000000111100000000000000000000000000000111000001000000111000001111000000000000000000
011111100001100000011000001001000100001000011000001110000101101000000000000101000000000000100100000000000011110001100000001010000011110000011000001001000011100000011000
010111100001110000010000001001001000110100011000000100001000000100000000000111000011110000100100001001000110101001010000001111000111111000010010001111000001000000011000
010110100011110000111000000110001000010100110100011111000001100000000000000111100101011001111110001111000110101000101000011111000110101000111100001111000000000000111100
111110100011111001011100011111101000000101111110101110100011110000000000000111001101011111111111010110100111111000011000111111000011110001011000011111100000000001111110
011011110011111000011000101111011000000110111101001110000111111000000000011111001111111110111101010110100011110000000100111110000111100001010100101111010001000010111101
011111100001010000010100001111000100001000100100011111001111111100000000001111001111111100100100001111000001000000000010010010000011100000010100001001000011100000100100
010000100001010000100100001001000011110000100100001010000101010100000000000101000111111000100100001001000010000000000000010100000010100000100100000001000000000000100100
000000000001100000001110000110000010010000000000000110000010000000011000111111110000000000011000000110000000000001111110000000000000000000000000000000000000000000011000
011000000001100000001011000110000100001000010000000110000010000000011000111111110001100000011100001111000000000010000001000110000001100000001010000110000001100000011000
011000000001100000111111000110001001100110011001000110000010000000000000111111110011110000011000011111100001110010100101001111000010110001111110001111000001100000001000
000100000011110001111101001111000010010001111110001111000011110000111100111111110011110000111100011111101010001000000000000110000001111010001110000110000111111000111110
000010000111111011110111011111100010010000011000011111101010101000111100111111110011110001111110010110101100010111011011001111000001111010011100001111001011110101011101
000001001011110111110000101111011001100100111100101111011110101000111100111111110011110010111101011111101100000101100110001111000001111010011100000110000011110000011100
000000100010010010010000001001000100001001111110001001000111011000011000111111110001100000100100001001001010001001111110001111000001010001111100001001000010010000010100
000000000010010011011000001000000010010011101111001001000011110000011000111111110000100000100100001001000001110000011000001001000001010000010100000000000010010000000000
