
WJHolly Presents...

# BITSY VERSION 4.5

! ROOM_FORMAT 1

PAL 0
NAME president
120,102,90
252,226,212
255,255,255

PAL 1
NAME outside
22,12,133
126,162,186
255,255,255

PAL 2
NAME premier
77,29,47
255,174,205
255,255,255

PAL 3
NAME checkpoint
31,31,31
128,128,128
255,255,255

PAL 4
NAME dreary
46,47,71
187,201,222
255,255,255

PAL 5
NAME end
0,0,0
255,255,255
0,0,0

ROOM 0
0,0,0,0,0,0,0,0,0,0,0,0,0,0,0,0
0,0,0,0,0,0,0,0,0,0,0,0,0,0,0,0
0,0,0,0,0,0,0,0,0,0,0,0,0,0,0,0
0,0,0,0,0,0,0,0,0,0,0,0,0,0,0,0
0,0,0,0,0,0,0,0,0,0,0,0,0,0,0,0
0,0,0,0,0,0,0,0,0,0,0,0,0,0,0,0
0,g,x,b,b,j,b,b,b,b,b,j,b,c,g,0
0,g,w,0,0,i,0,p,q,0,0,i,0,d,g,0
0,g,v,0,0,s,g,n,o,g,g,y,0,d,g,0
0,g,e,u,t,0,k,l,m,k,0,h,0,r,g,0
0,0,f,f,f,f,f,f,f,f,f,f,f,f,0,0
0,0,0,0,0,0,0,0,0,0,0,0,0,0,0,0
0,0,0,0,0,0,0,0,0,0,0,0,0,0,0,0
0,0,0,0,0,0,0,0,0,0,0,0,0,0,0,0
0,0,0,0,0,0,0,0,0,0,0,0,0,0,0,0
0,0,0,0,0,0,0,0,0,0,0,0,0,0,0,0
NAME pres_aa
EXT 6,9 1 6,9
PAL 0

ROOM 1
0,0,0,0,0,0,0,0,0,0,0,0,0,0,0,0
0,0,0,0,0,0,0,0,0,0,0,0,0,0,0,0
0,0,0,0,0,0,0,0,0,0,0,0,0,0,0,0
0,0,0,0,0,0,0,0,0,0,0,0,0,0,0,0
0,0,0,0,0,0,0,0,0,0,0,0,0,0,0,0
0,0,0,0,0,0,0,0,0,0,0,0,0,0,0,0
0,g,x,b,b,j,b,b,b,b,b,j,b,c,g,0
0,g,w,0,0,i,0,p,q,0,0,i,0,d,g,0
0,g,v,0,0,s,g,n,o,g,g,y,0,d,g,0
0,g,e,u,t,0,k,l,m,k,0,h,g,r,g,0
0,0,f,f,f,f,f,f,f,f,f,f,f,f,0,0
0,0,0,0,0,0,0,0,0,0,0,0,0,0,0,0
0,0,0,0,0,0,0,0,0,0,0,0,0,0,0,0
0,0,0,0,0,0,0,0,0,0,0,0,0,0,0,0
0,0,0,0,0,0,0,0,0,0,0,0,0,0,0,0
0,0,0,0,0,0,0,0,0,0,0,0,0,0,0,0
NAME pres_ab
EXT 10,9 2 10,9
PAL 0

ROOM 2
0,0,0,0,0,0,0,0,0,0,0,0,0,0,0,0
0,0,0,0,0,0,0,0,0,0,0,0,0,0,0,0
0,0,0,0,0,0,0,0,0,0,0,0,0,0,0,0
0,0,0,0,0,0,0,0,0,0,0,0,0,0,0,0
0,0,0,0,0,0,0,0,0,0,0,0,0,0,0,0
0,0,0,0,0,0,0,0,0,0,0,0,0,0,0,0
0,g,x,b,b,j,b,b,b,b,b,j,b,c,g,0
0,g,w,0,0,i,0,p,q,0,0,i,0,d,g,0
0,g,v,0,0,s,g,n,o,g,g,y,0,d,g,0
0,g,e,u,t,0,k,l,m,k,0,h,g,r,g,0
0,0,f,f,f,f,f,f,f,f,f,f,f,f,0,0
0,0,0,0,0,0,0,0,0,0,0,0,0,0,0,0
0,0,0,0,0,0,0,0,0,0,0,0,0,0,0,0
0,0,0,0,0,0,0,0,0,0,0,0,0,0,0,0
0,0,0,0,0,0,0,0,0,0,0,0,0,0,0,0
0,0,0,0,0,0,0,0,0,0,0,0,0,0,0,0
NAME pres_ac
EXT 11,9 3 3,14
PAL 0

ROOM 3
0,0,0,0,0,0,0,0,0,0,0,0,0,0,0,0
0,0,0,0,0,0,0,0,0,0,0,0,0,0,0,0
0,0,0,0,0,0,0,0,0,0,0,0,0,0,0,0
0,0,0,0,0,0,0,0,0,0,0,0,0,0,0,0
0,0,0,0,0,0,0,0,0,0,0,0,0,0,0,0
0,0,0,16,0,0,0,0,0,0,0,0,0,0,0,0
0,0,0,15,0,0,0,0,0,0,0,0,0,0,0,0
0,0,0,15,0,0,0,0,0,0,0,0,0,0,0,0
12,12,12,12,12,12,12,0,0,16,0,0,0,0,0,0
e,z,z,b,z,z,d,12,12,12,0,0,0,0,0,0
e,i,i,14,i,i,d,0,0,d,0,0,0,0,0,0
e,i,i,b,i,i,d,14,14,d,18,18,18,18,18,18
e,i,i,14,i,i,d,0,0,d,18,18,18,18,18,18
e,y,y,b,y,y,d,14,14,d,17,17,17,17,17,17
10,10,10,11,10,10,10,13,13,13,0,0,0,0,0,0
f,f,f,f,f,f,f,f,f,f,f,f,f,f,f,f
NAME walk_aa
ITM 0 12,2
ITM 0 13,6
ITM 0 8,5
ITM 0 5,2
ITM 0 2,4
ITM 0 0,1
ITM 1 10,0
ITM 1 15,4
ITM 1 12,8
ITM 1 5,6
ITM 1 1,6
ITM 2 14,1
ITM 2 8,2
ITM 2 0,4
ITM 3 3,0
ITM 3 11,5
ITM 3 15,0
ITM 3 11,9
ITM 4 10,4
ITM 4 8,0
ITM 4 6,4
ITM 4 3,2
ITM 4 1,0
ITM 4 1,3
ITM 4 0,7
ITM 4 6,7
ITM 4 4,5
ITM 4 10,6
ITM 4 14,9
ITM 4 15,7
ITM 4 13,10
ITM 4 9,7
ITM 4 7,8
ITM 4 14,3
ITM 4 11,1
ITM 4 13,0
ITM 4 10,2
ITM 4 6,1
ITM 4 7,6
EXT 15,14 4 0,14
EXT 3,14 2 11,9
PAL 1

ROOM 4
0,0,0,0,0,0,0,0,0,0,0,0,0,0,0,0
0,0,0,0,0,0,0,0,0,0,0,0,0,0,0,0
0,0,0,0,0,0,0,0,0,0,0,0,0,0,0,0
0,0,0,0,0,0,0,0,0,0,0,0,0,0,0,0
0,0,0,0,0,0,0,0,0,0,0,0,0,0,0,0
0,0,0,0,0,0,0,0,0,0,0,0,0,0,0,0
0,0,0,0,0,0,0,0,0,0,0,0,0,0,0,0
0,0,0,0,0,0,0,0,0,0,0,0,0,0,0,0
0,0,0,0,0,0,0,0,0,0,0,0,0,0,0,0
0,0,0,0,0,0,0,0,0,0,0,0,0,0,0,0
0,0,0,0,0,0,0,0,12,12,12,0,0,0,0,0
18,18,18,18,e,0,0,0,e,0,d,0,0,0,0,0
18,18,18,18,e,0,0,0,13,14,13,0,0,0,0,0
17,17,17,17,e,19,19,19,19,19,19,19,19,19,19,19
0,0,0,0,0,0,0,0,0,0,0,0,0,0,0,0
f,f,f,f,f,f,f,f,f,f,f,f,f,f,f,f
NAME walk_ab
ITM 0 12,6
ITM 0 7,9
ITM 0 3,4
ITM 0 8,3
ITM 0 11,1
ITM 0 15,6
ITM 0 1,0
ITM 0 0,7
ITM 1 13,2
ITM 1 9,7
ITM 1 5,2
ITM 1 3,10
ITM 1 2,6
ITM 1 6,11
ITM 1 14,9
ITM 1 11,10
ITM 1 15,0
ITM 4 15,3
ITM 4 12,5
ITM 4 10,3
ITM 4 9,5
ITM 4 6,6
ITM 4 4,8
ITM 4 5,5
ITM 4 2,9
ITM 4 0,10
ITM 4 0,4
ITM 4 1,5
ITM 4 2,3
ITM 4 4,0
ITM 4 7,1
ITM 4 10,0
ITM 4 14,1
ITM 4 13,4
ITM 4 13,8
ITM 4 10,9
ITM 4 14,11
ITM 4 12,12
ITM 4 5,12
ITM 3 8,8
ITM 3 1,7
ITM 3 6,3
ITM 3 3,1
ITM 3 13,0
ITM 2 14,5
ITM 2 5,9
ITM 2 0,3
ITM 2 8,0
ITM 2 13,10
EXT 15,14 5 0,14
EXT 0,14 3 15,14
PAL 1

ROOM 5
0,0,0,0,0,0,0,0,0,0,0,0,0,0,0,0
0,0,0,0,0,0,0,0,0,0,0,0,0,0,0,0
0,0,0,0,0,0,0,0,0,0,0,0,0,0,0,0
0,0,0,0,0,0,0,0,0,0,0,0,0,0,0,0
0,0,0,0,0,0,0,0,0,0,0,0,0,0,0,0
0,0,0,0,0,0,0,0,0,0,0,0,0,0,0,0
0,0,0,0,0,0,0,0,0,0,0,0,0,0,0,0
0,0,0,0,0,0,0,0,0,0,0,0,0,0,0,0
0,0,0,0,0,0,0,0,0,0,0,0,0,0,0,0
0,0,0,0,0,0,0,0,0,0,0,0,0,0,0,0
0,0,0,0,0,0,16,0,0,16,0,0,0,0,0,0
0,0,0,0,0,0,15,1d,0,15,0,0,0,0,0,0
0,0,0,0,0,0,18,1e,1g,18,0,0,0,0,0,0
19,19,19,19,19,19,17,1f,1b,17,19,19,19,19,19,19
0,0,0,0,0,0,0,1c,1a,0,0,0,0,0,0,0
f,f,f,f,f,f,f,f,f,f,f,f,f,f,f,f
NAME walk_ac
ITM 5 7,4
ITM 4 14,9
ITM 4 12,10
ITM 4 10,7
ITM 4 6,7
ITM 4 4,9
ITM 4 1,10
ITM 4 0,6
ITM 4 3,6
ITM 4 2,8
ITM 4 1,3
ITM 4 5,3
ITM 4 1,1
ITM 4 9,1
ITM 4 11,4
ITM 4 14,2
ITM 4 12,0
ITM 4 15,4
ITM 3 15,5
ITM 3 13,7
ITM 3 6,0
ITM 3 0,8
ITM 2 13,11
ITM 2 3,11
ITM 2 5,5
ITM 2 3,1
ITM 2 12,2
ITM 1 15,0
ITM 1 13,3
ITM 1 9,6
ITM 1 7,9
ITM 1 4,8
ITM 1 0,12
ITM 1 2,5
ITM 1 0,2
ITM 1 2,0
ITM 1 9,2
ITM 1 15,11
ITM 1 11,12
ITM 0 13,10
ITM 0 10,8
ITM 0 8,11
ITM 0 4,12
ITM 0 2,9
ITM 0 0,5
ITM 0 4,3
ITM 0 2,2
ITM 0 7,1
ITM 0 10,4
ITM 0 14,4
ITM 0 11,0
ITM 0 14,1
ITM 4 15,7
ITM 4 13,1
ITM 4 8,5
ITM 4 7,3
ITM 4 8,0
ITM 4 8,9
ITM 4 6,9
ITM 4 5,10
ITM 4 11,9
ITM 4 14,12
ITM 4 10,12
ITM 4 2,12
ITM 4 0,11
ITM 1 12,5
ITM 1 5,12
ITM 0 4,0
EXT 7,14 6 4,12
EXT 0,14 4 15,14
EXT 9,14 6 11,12
EXT 15,14 7 0,14
PAL 1

ROOM 6
0,0,0,0,0,0,0,0,0,0,0,0,0,0,0,0
0,0,0,0,0,0,0,0,0,0,0,0,0,0,0,0
0,0,0,0,0,0,0,0,0,0,0,0,0,0,0,0
0,0,0,0,0,0,0,0,0,0,0,0,0,0,0,0
0,0,0,0,0,0,0,0,0,0,0,0,0,0,0,0
0,0,0,0,0,0,0,0,0,0,0,0,0,0,0,0
0,0,0,0,0,0,0,0,0,0,0,0,0,0,0,0
0,0,0,0,0,0,0,0,0,0,0,0,0,0,0,0
0,0,0,a,b,b,b,b,b,b,b,b,c,0,0,0
0,0,0,e,14,0,14,0,0,14,0,14,d,0,0,0
0,0,0,e,0,14,0,0,0,0,14,0,d,0,0,0
0,0,0,e,g,g,g,0,g,g,g,g,d,0,0,0
0,0,0,e,h,0,0,1h,1h,0,0,h,d,0,0,0
0,0,0,f,f,f,f,f,f,f,f,f,f,0,0,0
0,0,0,0,0,0,0,0,0,0,0,0,0,0,0,0
0,0,0,0,0,0,0,0,0,0,0,0,0,0,0,0
NAME checkpoint_a
EXT 11,12 5 9,14
EXT 4,12 5 7,14
PAL 3

ROOM 7
0,0,0,0,0,0,0,0,0,0,0,0,0,0,0,0
0,0,0,0,0,0,0,0,0,0,0,0,0,0,0,0
0,0,0,0,0,0,0,0,0,0,0,0,0,0,0,0
0,0,0,0,0,0,0,0,0,0,0,0,0,0,0,0
0,0,0,0,0,0,0,0,0,0,0,0,0,0,0,0
0,0,0,0,0,0,0,0,0,0,0,0,0,0,0,0
0,0,0,0,0,0,0,0,0,0,0,0,0,0,0,0
0,0,0,0,0,0,0,0,0,0,0,0,0,0,0,0
0,0,0,0,0,0,0,0,0,0,0,0,0,0,0,0
0,0,0,0,16,0,0,0,16,0,0,0,0,0,0,0
0,0,0,0,13,13,13,13,13,0,0,0,0,0,0,0
0,0,0,0,1b,1h,1h,1h,1b,0,0,0,18,18,18,18
0,0,0,0,1a,10,11,10,1a,0,0,0,18,18,18,18
19,19,19,19,19,19,19,19,19,19,19,19,17,17,17,17
0,0,0,0,0,0,0,0,0,0,0,0,0,0,0,0
f,f,f,f,f,f,f,f,f,f,f,f,f,f,f,f
NAME walk_ad
ITM 0 11,5
ITM 0 10,9
ITM 0 14,9
ITM 0 15,1
ITM 0 9,2
ITM 0 7,6
ITM 0 3,2
ITM 0 1,5
ITM 0 0,9
ITM 0 2,11
ITM 0 0,0
ITM 1 13,0
ITM 1 15,6
ITM 1 12,7
ITM 1 8,4
ITM 1 11,11
ITM 1 3,12
ITM 1 0,11
ITM 1 3,7
ITM 1 1,8
ITM 1 5,3
ITM 1 0,4
ITM 1 5,0
ITM 1 2,1
ITM 2 11,0
ITM 2 14,3
ITM 2 13,5
ITM 2 10,8
ITM 2 3,9
ITM 3 0,6
ITM 3 4,2
ITM 3 2,3
ITM 3 15,8
ITM 3 10,12
ITM 4 9,11
ITM 4 12,9
ITM 4 14,8
ITM 4 10,6
ITM 4 8,7
ITM 4 6,9
ITM 4 4,7
ITM 4 5,5
ITM 4 2,5
ITM 4 1,10
ITM 4 0,12
ITM 4 3,11
ITM 4 0,7
ITM 4 4,4
ITM 4 0,2
ITM 4 2,0
ITM 4 5,1
ITM 4 7,1
ITM 4 8,0
ITM 4 11,3
ITM 4 9,5
ITM 4 14,1
ITM 4 12,1
ITM 4 15,4
ITM 4 15,0
ITM 4 13,4
ITM 4 14,6
ITM 4 11,7
ITM 4 15,10
ITM 4 7,8
EXT 15,14 8 0,14
EXT 0,14 5 15,14
PAL 1

ROOM 8
0,0,0,0,0,0,0,0,0,0,0,0,0,0,0,0
0,0,0,0,0,0,0,0,0,0,0,0,0,0,0,0
0,0,0,0,0,0,0,0,0,0,0,0,0,0,0,0
0,0,0,0,0,0,0,0,0,0,0,0,0,0,0,0
0,0,0,0,0,0,0,0,0,0,16,0,16,0,16,0
0,0,0,0,0,0,0,0,0,0,15,0,15,0,15,0
0,0,0,0,0,0,0,0,0,0,15,0,15,0,15,0
0,0,0,0,0,0,0,0,0,0,a,b,b,b,b,b
0,0,0,0,0,0,0,0,0,0,e,12,0,12,0,12
0,0,0,0,0,0,0,0,0,0,e,0,0,0,0,0
0,0,0,0,0,0,0,0,0,0,z,z,z,z,b,z
18,18,18,18,18,18,18,18,18,18,i,i,i,i,0,i
18,18,18,18,18,18,18,18,18,18,y,y,y,j,h,j
17,17,17,17,17,17,a,b,b,b,b,g,1k,1j,1i,b
0,0,0,0,0,0,1m,0,0,0,1k,1j,1i,1l,v,0
f,f,f,f,f,f,f,f,f,f,f,f,f,f,f,f
NAME walk_ae
ITM 0 12,1
ITM 0 7,4
ITM 0 6,8
ITM 0 1,6
ITM 0 2,2
ITM 0 0,0
ITM 1 8,10
ITM 1 2,8
ITM 1 0,10
ITM 1 4,6
ITM 1 6,2
ITM 1 4,1
ITM 1 11,2
ITM 1 9,0
ITM 1 15,3
ITM 1 13,5
ITM 4 15,5
ITM 4 11,6
ITM 4 11,4
ITM 4 14,2
ITM 4 15,0
ITM 4 11,0
ITM 4 8,3
ITM 4 6,0
ITM 4 5,3
ITM 4 2,4
ITM 4 0,3
ITM 4 2,1
ITM 4 3,0
ITM 4 8,6
ITM 4 5,9
ITM 4 4,8
ITM 4 3,9
ITM 4 1,10
ITM 4 0,8
ITM 4 2,7
ITM 4 0,5
ITM 4 9,8
ITM 4 7,10
ITM 4 6,6
ITM 4 4,5
ITM 3 10,3
ITM 3 8,1
ITM 3 3,6
ITM 2 13,0
ITM 2 8,8
ITM 2 4,10
ITM 2 1,3
ITM 2 15,6
EXT 0,14 7 15,14
EXT 11,14 9 3,9
PAL 1

ROOM 9
0,0,0,0,0,0,0,0,0,0,0,0,0,0,0,0
0,0,0,0,0,0,0,0,0,0,0,0,0,0,0,0
0,0,0,0,0,0,0,0,0,0,0,0,0,0,0,0
0,0,0,0,0,0,0,0,0,0,0,0,0,0,0,0
0,0,0,0,0,0,0,0,0,0,0,0,0,0,0,0
0,0,0,0,0,0,0,0,0,0,0,0,0,0,0,0
0,g,a,b,z,z,b,c,a,b,b,b,b,c,g,0
0,g,e,0,y,y,1s,1r,1q,1p,0,0,0,d,g,0
0,g,e,s,1w,1v,g,1s,1p,g,g,g,s,d,g,0
0,g,e,h,1u,1t,k,0,0,k,0,0,1o,1n,g,0
0,0,f,f,f,f,f,f,f,f,f,f,f,f,0,0
0,0,0,0,0,0,0,0,0,0,0,0,0,0,0,0
0,0,0,0,0,0,0,0,0,0,0,0,0,0,0,0
0,0,0,0,0,0,0,0,0,0,0,0,0,0,0,0
0,0,0,0,0,0,0,0,0,0,0,0,0,0,0,0
0,0,0,0,0,0,0,0,0,0,0,0,0,0,0,0
NAME prem_aa
EXT 3,9 8 10,14
EXT 10,9 a 10,9
PAL 2

ROOM 10
0,0,0,0,0,0,0,0,0,0,0,0,0,0,0,0
0,0,0,0,0,0,0,0,0,0,0,0,0,0,0,0
0,0,0,0,0,0,0,0,0,0,0,0,0,0,0,0
0,0,0,0,0,0,0,0,0,0,0,0,0,0,0,0
0,0,0,0,0,0,0,0,0,0,0,0,0,0,0,0
0,0,0,0,0,0,0,0,0,0,0,0,0,0,0,0
0,g,x,b,b,j,b,b,b,b,b,j,b,c,g,0
0,g,w,0,0,i,0,p,q,0,0,i,0,d,g,0
0,g,v,g,g,s,g,n,o,g,g,y,0,d,g,0
0,g,e,3k,0,0,k,l,m,k,0,h,g,r,g,0
0,0,f,3l,f,f,f,f,f,f,f,f,f,f,0,0
0,0,0,3m,0,0,0,0,0,0,0,0,0,0,0,0
0,0,0,3n,0,0,0,0,0,0,0,0,0,0,0,0
0,0,0,3l,0,0,0,0,0,0,0,0,0,0,0,0
0,0,0,3m,0,0,0,0,0,0,0,0,0,0,0,0
0,0,0,3n,0,0,0,0,0,0,0,0,0,0,0,0
NAME pres_da
EXT 11,9 z 3,14
EXT 3,9 11 3,14
PAL 0

ROOM 11
0,0,0,3l,0,0,0,0,0,41,0,0,0,41,0,0
0,0,0,3m,0,0,0,0,0,41,0,0,0,41,0,0
0,0,0,3n,0,0,0,0,0,46,0,0,43,44,0,0
0,0,0,3l,0,0,0,0,0,41,0,0,41,0,0,0
0,0,0,3m,0,0,0,0,0,41,0,0,41,0,0,0
0,0,0,3n,0,0,0,0,0,45,42,42,40,0,0,0
0,0,0,3l,0,0,0,0,0,0,0,0,3z,0,0,0
0,0,0,3m,0,0,0,0,0,0,0,0,3z,0,0,0
0,0,0,3n,0,0,0,0,0,0,0,0,3z,0,0,0
0,0,0,3l,0,0,0,1d,1d,1d,1d,1d,3y,1d,0,0
0,0,0,3m,0,0,d,0,0,3t,3t,3t,0,0,1m,0
0,0,0,3n,0,0,d,0,3r,3q,3s,3q,3p,0,e,0
0,0,0,3l,0,0,d,0,0,0,0,0,0,0,e,0
0,0,0,3m,1d,1d,3o,3x,3u,3w,3w,3w,3u,3x,e,0
0,0,g,3n,0,0,0,0,0,0,0,0,0,3v,e,0
0,0,0,f,f,f,f,f,f,f,f,f,f,f,0,0
NAME pres_db
EXT 3,14 10 3,9
EXT 11,14 12 11,14
PAL 3

ROOM 12
0,0,0,3l,0,0,0,0,0,41,0,0,0,41,0,0
0,0,0,3m,0,0,0,0,0,41,0,0,0,41,0,0
0,0,0,3n,0,0,0,0,0,46,0,0,43,44,0,0
0,0,0,3l,0,0,0,0,0,41,0,0,41,0,0,0
0,0,0,3m,0,0,0,0,0,41,0,0,41,0,0,0
0,0,0,3n,0,0,0,0,0,45,42,42,40,0,0,0
0,0,0,3l,0,0,0,0,0,0,0,0,3z,0,0,0
0,0,0,3m,0,0,0,0,0,0,0,0,3z,0,0,0
0,0,0,3n,0,0,0,0,0,0,0,0,3z,0,0,0
0,0,0,3l,0,0,0,1d,1d,1d,1d,1d,3y,1d,0,0
0,0,0,3m,0,0,d,0,0,3t,3t,3t,0,0,1m,0
0,0,0,3n,0,0,d,0,3r,3q,3s,3q,3p,0,e,0
0,0,0,3l,0,0,d,0,0,0,0,0,0,0,e,0
0,0,0,3m,1d,1d,3o,3x,3u,3w,3w,3w,3u,3x,e,0
0,0,g,3n,0,0,0,0,0,0,0,0,0,3v,e,0
0,0,0,f,f,f,f,f,f,f,f,f,f,f,0,0
NAME pres_dc
EXT 4,14 13 4,14
PAL 3

ROOM 13
0,0,0,3l,0,0,0,0,0,41,0,0,0,41,0,0
0,0,0,3m,0,0,0,0,0,41,0,0,0,41,0,0
0,0,0,3n,0,0,0,0,0,46,0,0,43,44,0,0
0,0,0,3l,0,0,0,0,0,41,0,0,41,0,0,0
0,0,0,3m,0,0,0,0,0,41,0,0,41,0,0,0
0,0,0,3n,0,0,0,0,0,45,42,42,40,0,0,0
0,0,0,3l,0,0,0,0,0,0,0,0,3z,0,0,0
0,0,0,3m,0,0,0,0,0,0,0,0,3z,0,0,0
0,0,0,3n,0,0,0,0,0,0,0,0,3z,0,0,0
0,0,0,3l,0,0,0,1d,1d,1d,1d,1d,3y,1d,0,0
0,0,0,3m,0,0,d,0,0,3t,3t,3t,0,0,1m,0
0,0,0,3n,0,0,d,0,3r,3q,3s,3q,3p,0,e,0
0,0,0,3l,0,0,d,0,0,0,0,0,0,0,e,0
0,0,0,3m,1d,1d,3o,3x,3u,3w,3w,3w,3u,3x,e,0
0,0,g,3n,0,0,0,0,0,0,0,0,0,3v,e,0
0,0,0,f,f,f,f,f,f,f,f,f,f,f,0,0
NAME pres_dd
EXT 3,14 14 3,9
PAL 3

ROOM 14
0,0,0,0,0,0,0,0,0,0,0,0,0,0,0,0
0,0,0,0,0,0,0,0,0,0,0,0,0,0,0,0
0,0,0,0,0,0,0,0,0,0,0,0,0,0,0,0
0,0,0,0,0,0,0,0,0,0,0,0,0,0,0,0
0,0,0,0,0,0,0,0,0,0,0,0,0,0,0,0
0,0,0,0,0,0,0,0,0,0,0,0,0,0,0,0
0,g,x,b,b,j,b,b,b,b,b,j,b,c,g,0
0,g,w,0,0,i,0,p,q,0,0,i,0,d,g,0
0,g,v,g,g,s,g,n,o,g,g,y,0,d,g,0
0,g,e,3k,0,0,k,l,m,k,0,h,g,r,g,0
0,0,f,3l,f,f,f,f,f,f,f,f,f,f,0,0
0,0,0,3m,0,0,0,0,0,0,0,0,0,0,0,0
0,0,0,3n,0,0,0,0,0,0,0,0,0,0,0,0
0,0,0,3l,0,0,0,0,0,0,0,0,0,0,0,0
0,0,0,3m,0,0,0,0,0,0,0,0,0,0,0,0
0,0,0,3n,0,0,0,0,0,0,0,0,0,0,0,0
NAME pres_de
EXT 11,9 15 3,14
EXT 3,9 13 3,14
PAL 3

ROOM 15
0,0,0,0,0,0,0,0,0,0,0,0,0,0,0,0
0,0,0,0,0,0,0,0,0,0,0,0,0,0,0,0
0,0,0,0,0,0,0,0,0,0,0,0,0,0,0,0
0,0,0,0,0,0,0,0,0,0,0,0,0,0,0,0
0,0,0,16,0,0,0,0,0,0,0,0,0,0,0,0
0,3h,3g,15,3h,3g,0,0,0,0,0,0,0,0,0,0
0,j,0,15,j,0,0,3h,3g,0,0,0,0,0,0,0
21,21,21,21,21,21,21,j,0,16,0,0,0,0,26,0
12,12,12,12,12,12,12,21,21,21,0,0,0,22,23,0
e,z,z,b,z,z,d,12,12,12,0,0,0,24,25,0
e,i,i,14,i,i,d,0,0,d,21,21,21,21,21,21
e,i,i,b,i,i,d,14,14,d,3j,18,18,18,3i,18
e,i,i,14,i,i,d,0,0,d,18,3i,18,18,18,3j
e,y,y,b,y,y,d,14,14,d,17,17,17,17,17,17
10,10,10,11,10,10,10,13,13,13,1y,1y,20,0,1x,0
f,f,f,f,f,f,f,f,f,f,f,f,f,f,f,f
NAME walk_ea
EXT 15,14 16 0,14
EXT 3,14 14 11,9
PAL 3

ROOM 16
0,0,0,0,0,0,0,0,0,0,0,0,0,0,0,0
0,0,0,0,0,0,0,0,0,0,0,0,0,0,0,0
0,0,0,0,0,0,0,0,0,0,0,0,0,0,0,0
0,0,0,0,0,0,0,0,0,0,0,0,0,0,0,0
0,0,0,0,0,0,0,0,0,0,0,0,0,0,0,0
0,0,0,0,0,0,0,0,0,0,0,0,0,0,0,0
0,0,0,0,0,0,0,0,0,2e,2f,0,0,0,0,0
0,0,0,0,0,0,0,0,0,2d,2b,0,0,0,0,0
0,0,0,0,0,2e,2f,0,2g,2a,2c,0,0,0,0,0
0,16,0,16,0,2d,2b,0,21,21,21,0,0,0,26,0
21,21,21,21,2g,2a,2c,0,12,12,12,0,0,22,23,0
18,18,18,18,2m,2j,2i,0,e,0,d,0,0,24,25,0
18,18,18,18,2l,2k,2h,1z,13,14,13,1y,1y,1y,20,0
17,17,17,17,21,21,38,3c,3d,3b,21,21,21,21,21,21
0,0,0,0,0,0,37,39,39,3a,0,0,0,0,0,0
f,f,f,f,f,f,f,f,f,f,f,f,f,f,f,f
NAME walk_eb
EXT 15,14 17 0,14
EXT 0,14 15 15,14
PAL 3

ROOM 17
0,0,0,0,0,0,0,0,0,0,0,0,0,0,0,0
0,0,0,0,0,0,0,0,0,0,0,0,0,0,0,0
0,0,0,0,0,0,0,0,0,0,0,0,0,0,0,0
0,0,0,0,0,0,0,0,0,0,0,0,0,0,0,0
0,0,0,0,0,0,0,0,0,0,0,0,0,0,0,0
0,0,0,0,0,0,0,0,0,0,0,0,0,0,0,0
0,0,0,0,0,0,0,0,0,0,0,0,0,0,0,0
0,0,0,0,0,0,0,0,0,0,0,0,0,0,0,0
0,0,0,0,0,0,16,0,0,16,0,0,0,0,0,0
0,0,0,0,0,0,15,0,0,15,0,0,0,0,0,0
0,0,0,0,0,26,15,0,0,15,0,26,0,0,0,0
47,0,47,0,22,23,21,21,21,21,22,23,47,0,47,0
0,47,0,47,24,25,18,1e,1g,18,24,25,0,47,0,47
19,19,19,19,19,19,17,1f,1b,17,19,19,19,19,19,19
0,g,0,0,0,0,0,1c,1a,0,0,0,0,0,0,0
f,f,f,f,f,f,f,f,f,f,f,f,f,f,f,f
NAME nukes_a
EXT 7,14 x 4,12
EXT 0,14 18 1,14
EXT 9,14 x 11,12
EXT 15,14 v 0,14
PAL 3

ROOM 18
0,0,0,0,0,0,0,0,0,0,0,0,0,0,0,0
0,0,0,0,0,0,0,0,0,0,0,0,0,0,0,0
0,0,0,0,0,0,0,0,0,0,0,0,0,0,0,0
0,0,0,0,0,0,0,0,0,0,0,0,0,0,0,0
0,0,0,0,0,0,0,0,0,0,0,0,0,0,0,0
0,0,0,0,0,0,0,0,0,0,0,0,0,0,0,0
0,0,0,0,0,0,0,0,0,0,0,0,0,0,0,0
0,0,0,0,0,0,0,0,0,0,0,0,0,0,0,0
0,0,0,0,0,0,16,0,0,16,0,0,0,0,0,0
0,0,0,0,0,0,15,0,0,15,0,0,0,0,0,0
0,0,0,0,0,26,15,0,0,15,0,26,0,0,0,0
47,0,47,0,22,23,21,21,21,21,22,23,48,0,48,0
0,47,0,47,24,25,18,1e,1g,18,24,25,0,48,0,48
19,19,19,19,19,19,17,1f,1b,17,19,19,19,19,19,19
g,0,g,0,0,0,0,1c,1a,0,0,0,0,0,0,0
f,f,f,f,f,f,f,f,f,f,f,f,f,f,f,f
NAME nukes_b
EXT 7,14 x 4,12
EXT 1,14 19 2,14
EXT 9,14 x 11,12
EXT 15,14 v 0,14
PAL 3

ROOM 19
0,0,0,0,0,0,0,0,0,0,0,0,0,0,0,0
0,0,0,0,0,0,0,0,0,0,0,0,0,0,0,0
0,0,0,0,0,0,0,0,0,0,0,0,0,0,0,0
0,0,0,0,0,0,0,0,0,0,0,0,0,0,0,0
0,0,0,0,0,0,0,0,0,0,0,0,0,0,0,0
0,0,0,0,0,0,0,0,0,0,0,0,0,0,0,0
0,0,0,0,0,0,0,0,0,0,0,0,0,0,0,0
0,0,0,0,0,0,0,0,0,0,0,0,0,0,0,0
0,0,0,0,0,0,16,0,0,16,0,0,0,0,0,0
0,0,0,0,0,0,15,0,0,15,0,0,0,0,0,0
0,0,0,0,0,26,15,0,0,15,0,26,0,0,0,0
47,0,47,0,22,23,21,21,21,21,22,23,49,0,49,0
0,47,0,47,24,25,18,1e,1g,18,24,25,0,49,0,49
19,19,19,19,19,19,17,1f,1b,17,19,19,19,19,19,19
0,g,0,g,0,0,0,1c,1a,0,0,0,0,0,0,0
f,f,f,f,f,f,f,f,f,f,f,f,f,f,f,f
NAME nukes_c
EXT 7,14 x 4,12
EXT 2,14 1a 3,14
EXT 9,14 x 11,12
EXT 15,14 v 0,14
PAL 3

ROOM a
0,0,0,0,0,0,0,0,0,0,0,0,0,0,0,0
0,0,0,0,0,0,0,0,0,0,0,0,0,0,0,0
0,0,0,0,0,0,0,0,0,0,0,0,0,0,0,0
0,0,0,0,0,0,0,0,0,0,0,0,0,0,0,0
0,0,0,0,0,0,0,0,0,0,0,0,0,0,0,0
0,0,0,0,0,0,0,0,0,0,0,0,0,0,0,0
0,g,a,b,z,z,b,c,a,b,b,b,b,c,g,0
0,g,e,0,y,y,1s,1r,1q,1p,0,0,0,d,g,0
0,g,e,s,1w,1v,g,1s,1p,g,g,g,s,d,g,0
0,g,e,h,1u,1t,k,0,0,k,0,0,1o,1n,g,0
0,0,f,f,f,f,f,f,f,f,f,f,f,f,0,0
0,0,0,0,0,0,0,0,0,0,0,0,0,0,0,0
0,0,0,0,0,0,0,0,0,0,0,0,0,0,0,0
0,0,0,0,0,0,0,0,0,0,0,0,0,0,0,0
0,0,0,0,0,0,0,0,0,0,0,0,0,0,0,0
0,0,0,0,0,0,0,0,0,0,0,0,0,0,0,0
NAME prem_ab
EXT 4,9 b 4,9
PAL 2

ROOM b
0,0,0,0,0,0,0,0,0,0,0,0,0,0,0,0
0,0,0,0,0,0,0,0,0,0,0,0,0,0,0,0
0,0,0,0,0,0,0,0,0,0,0,0,0,0,0,0
0,0,0,0,0,0,0,0,0,0,0,0,0,0,0,0
0,0,0,0,0,0,0,0,0,0,0,0,0,0,0,0
0,0,0,0,0,0,0,0,0,0,0,0,0,0,0,0
0,g,a,b,z,z,b,c,a,b,b,b,b,c,g,0
0,g,e,0,y,y,1s,1r,1q,1p,0,0,0,d,g,0
0,g,e,s,1w,1v,g,1s,1p,g,g,g,s,d,g,0
0,g,e,h,1u,1t,k,0,0,k,0,0,1o,1n,g,0
0,0,f,f,f,f,f,f,f,f,f,f,f,f,0,0
0,0,0,0,0,0,0,0,0,0,0,0,0,0,0,0
0,0,0,0,0,0,0,0,0,0,0,0,0,0,0,0
0,0,0,0,0,0,0,0,0,0,0,0,0,0,0,0
0,0,0,0,0,0,0,0,0,0,0,0,0,0,0,0
0,0,0,0,0,0,0,0,0,0,0,0,0,0,0,0
NAME prem_ac
EXT 3,9 c 10,14
PAL 2

ROOM c
0,0,0,0,0,0,0,0,0,0,0,0,0,0,0,0
0,0,0,0,0,0,0,0,0,0,0,0,0,0,0,0
0,0,0,0,0,0,0,0,0,0,0,0,0,0,0,0
0,0,0,0,0,0,0,0,0,0,0,0,0,0,0,0
0,0,0,0,0,0,0,0,0,0,16,0,16,0,16,0
0,0,0,0,0,0,0,0,0,0,15,0,15,0,15,0
0,0,0,0,0,0,0,0,0,0,15,1z,1y,20,1z,1y
0,0,0,0,0,0,0,0,0,0,a,b,b,b,b,b
0,0,0,0,0,0,0,0,0,0,e,12,0,12,0,12
0,0,0,0,0,0,0,0,0,0,e,0,0,0,0,0
21,21,21,21,21,21,21,21,21,21,z,z,z,z,b,z
18,18,18,18,18,18,18,18,18,18,i,i,i,i,0,i
18,18,18,18,18,18,21,21,21,21,y,y,y,j,h,j
17,17,17,17,17,17,a,b,b,b,b,g,1k,1j,1i,b
1z,20,0,1x,0,0,1m,0,1x,0,1k,1j,1i,1l,v,1y
f,f,f,f,f,f,f,f,f,f,f,f,f,f,f,f
NAME walk_be
ITM 0 12,1
ITM 0 7,4
ITM 0 6,8
ITM 0 1,6
ITM 0 2,2
ITM 0 0,0
ITM 1 2,8
ITM 1 4,6
ITM 1 6,2
ITM 1 4,1
ITM 1 11,2
ITM 1 9,0
ITM 1 15,3
ITM 1 13,5
ITM 4 15,5
ITM 4 11,4
ITM 4 14,2
ITM 4 15,0
ITM 4 11,0
ITM 4 8,3
ITM 4 6,0
ITM 4 5,3
ITM 4 2,4
ITM 4 0,3
ITM 4 2,1
ITM 4 3,0
ITM 4 8,6
ITM 4 5,9
ITM 4 4,8
ITM 4 3,9
ITM 4 0,8
ITM 4 2,7
ITM 4 0,5
ITM 4 9,8
ITM 4 6,6
ITM 4 4,5
ITM 3 10,3
ITM 3 8,1
ITM 3 3,6
ITM 2 13,0
ITM 2 8,8
ITM 2 1,3
EXT 0,14 d 15,14
EXT 11,14 b 3,9
PAL 1

ROOM d
0,0,0,0,0,0,0,0,0,0,0,0,0,0,0,0
0,0,0,0,0,0,0,0,0,0,0,0,0,0,0,0
0,0,0,0,0,0,0,0,0,0,0,0,0,0,0,0
0,0,0,0,0,0,0,0,0,0,0,0,0,0,0,0
0,0,0,0,0,0,0,0,0,0,0,0,0,0,0,0
0,0,0,0,0,0,0,0,0,0,0,0,0,0,0,0
0,0,0,0,0,0,0,0,0,0,0,0,0,0,0,0
0,0,0,0,16,0,0,0,16,0,0,0,0,0,0,0
0,0,0,0,15,0,0,0,15,0,0,0,0,0,0,0
0,0,0,0,21,21,21,21,21,0,0,0,0,0,0,0
0,0,0,0,13,13,13,13,13,0,0,0,21,21,21,21
0,0,0,0,1b,1h,1h,1h,1b,0,0,0,18,18,18,18
0,1z,1y,1y,1a,10,11,10,1a,1z,1y,20,18,18,18,18
19,19,19,19,19,19,19,19,19,19,19,19,17,17,17,17
0,0,0,0,0,0,0,0,0,0,0,0,0,0,0,0
f,f,f,f,f,f,f,f,f,f,f,f,f,f,f,f
NAME walk_bd
ITM 0 11,5
ITM 0 10,9
ITM 0 14,9
ITM 0 15,1
ITM 0 9,2
ITM 0 7,6
ITM 0 3,2
ITM 0 1,5
ITM 0 0,9
ITM 0 2,11
ITM 0 0,0
ITM 1 13,0
ITM 1 15,6
ITM 1 12,7
ITM 1 8,4
ITM 1 0,11
ITM 1 3,7
ITM 1 1,8
ITM 1 5,3
ITM 1 0,4
ITM 1 5,0
ITM 1 2,1
ITM 2 11,0
ITM 2 14,3
ITM 2 13,5
ITM 2 10,8
ITM 2 3,9
ITM 3 0,6
ITM 3 4,2
ITM 3 2,3
ITM 3 15,8
ITM 4 9,11
ITM 4 12,9
ITM 4 14,8
ITM 4 10,6
ITM 4 5,5
ITM 4 2,5
ITM 4 1,10
ITM 4 3,11
ITM 4 0,7
ITM 4 4,4
ITM 4 0,2
ITM 4 2,0
ITM 4 5,1
ITM 4 7,1
ITM 4 8,0
ITM 4 11,3
ITM 4 9,5
ITM 4 14,1
ITM 4 12,1
ITM 4 15,4
ITM 4 15,0
ITM 4 13,4
ITM 4 14,6
ITM 4 11,7
ITM 4 7,8
EXT 15,14 c 0,14
EXT 0,14 e 15,14
PAL 1

ROOM e
0,0,0,0,0,0,0,0,0,0,0,0,0,0,0,0
0,0,0,0,0,0,0,0,0,0,0,0,0,0,0,0
0,0,0,0,0,0,0,0,0,0,0,0,0,0,0,0
0,0,0,0,0,0,0,0,0,0,0,0,0,0,0,0
0,0,0,0,0,0,0,0,0,0,0,0,0,0,0,0
0,0,0,0,0,0,0,0,0,0,0,0,0,0,0,0
0,0,0,0,0,0,0,0,0,0,0,0,0,0,0,0
0,0,0,0,0,0,0,0,0,0,0,0,0,0,0,0
0,0,0,0,0,0,0,0,0,0,0,0,0,0,0,0
0,0,0,0,0,0,0,0,0,0,0,0,0,0,0,0
0,0,0,0,0,0,16,0,0,16,0,0,0,0,0,0
0,0,0,0,0,0,15,1d,0,15,0,0,0,0,0,0
0,0,0,0,0,0,18,1e,1g,18,0,0,0,0,0,0
19,19,19,19,19,19,17,1f,1b,17,19,19,19,19,19,19
0,0,0,0,0,0,0,1c,1a,0,0,0,0,0,0,0
f,f,f,f,f,f,f,f,f,f,f,f,f,f,f,f
NAME walk_bc
ITM 4 14,9
ITM 4 12,10
ITM 4 10,7
ITM 4 6,7
ITM 4 4,9
ITM 4 1,10
ITM 4 0,6
ITM 4 3,6
ITM 4 2,8
ITM 4 1,3
ITM 4 5,3
ITM 4 1,1
ITM 4 9,1
ITM 4 11,4
ITM 4 14,2
ITM 4 12,0
ITM 4 15,4
ITM 3 15,5
ITM 3 13,7
ITM 3 6,0
ITM 3 0,8
ITM 2 13,11
ITM 2 3,11
ITM 2 5,5
ITM 2 3,1
ITM 2 12,2
ITM 1 15,0
ITM 1 13,3
ITM 1 9,6
ITM 1 7,9
ITM 1 4,8
ITM 1 0,12
ITM 1 2,5
ITM 1 0,2
ITM 1 2,0
ITM 1 9,2
ITM 1 15,11
ITM 1 11,12
ITM 0 13,10
ITM 0 10,8
ITM 0 8,11
ITM 0 4,12
ITM 0 2,9
ITM 0 0,5
ITM 0 4,3
ITM 0 2,2
ITM 0 7,1
ITM 0 10,4
ITM 0 14,4
ITM 0 11,0
ITM 0 14,1
ITM 4 15,7
ITM 4 13,1
ITM 4 8,5
ITM 4 7,3
ITM 4 8,0
ITM 4 8,9
ITM 4 6,9
ITM 4 5,10
ITM 4 11,9
ITM 4 14,12
ITM 4 10,12
ITM 4 2,12
ITM 4 0,11
ITM 1 12,5
ITM 1 5,12
ITM 0 4,0
ITM 6 7,4
EXT 7,14 f 4,12
EXT 0,14 g 15,14
EXT 9,14 f 11,12
EXT 15,14 d 0,14
PAL 1

ROOM f
0,0,0,0,0,0,0,0,0,0,0,0,0,0,0,0
0,0,0,0,0,0,0,0,0,0,0,0,0,0,0,0
0,0,0,0,0,0,0,0,0,0,0,0,0,0,0,0
0,0,0,0,0,0,0,0,0,0,0,0,0,0,0,0
0,0,0,0,0,0,0,0,0,0,0,0,0,0,0,0
0,0,0,0,0,0,0,0,0,0,0,0,0,0,0,0
0,0,0,0,0,0,0,0,0,0,0,0,0,0,0,0
0,0,0,0,0,0,0,0,0,0,0,0,0,0,0,0
0,0,0,a,b,b,b,b,b,b,b,b,c,0,0,0
0,0,0,e,14,0,14,0,0,14,0,14,d,0,0,0
0,0,0,e,0,14,0,0,0,0,14,0,d,0,0,0
0,0,0,e,g,g,g,0,g,g,g,g,d,0,0,0
0,0,0,e,h,0,0,1h,1h,0,0,h,d,0,0,0
0,0,0,f,f,f,f,f,f,f,f,f,f,0,0,0
0,0,0,0,0,0,0,0,0,0,0,0,0,0,0,0
0,0,0,0,0,0,0,0,0,0,0,0,0,0,0,0
NAME checkpoint_b
EXT 11,12 e 9,14
EXT 4,12 e 7,14
PAL 3

ROOM g
0,0,0,0,0,0,0,0,0,0,0,0,0,0,0,0
0,0,0,0,0,0,0,0,0,0,0,0,0,0,0,0
0,0,0,0,0,0,0,0,0,0,0,0,0,0,0,0
0,0,0,0,0,0,0,0,0,0,0,0,0,0,0,0
0,0,0,0,0,0,0,0,0,0,0,0,0,0,0,0
0,0,0,0,0,0,0,0,0,0,0,0,0,0,0,0
0,0,0,0,0,0,0,0,0,0,0,0,0,0,0,0
0,0,0,0,0,0,0,0,0,0,0,0,0,0,0,0
0,0,0,0,0,0,0,0,0,0,0,0,0,0,0,0
0,0,0,0,0,0,0,0,21,21,21,0,0,0,0,0
21,21,21,21,0,0,0,0,12,12,12,0,0,0,0,0
18,18,18,18,e,0,0,0,e,0,d,0,0,0,0,0
18,18,18,18,1m,0,1x,0,13,14,13,0,1z,1y,20,0
17,17,17,17,e,19,19,19,19,19,19,19,19,19,19,19
0,0,0,0,0,0,1z,1y,1y,20,0,0,0,0,0,0
f,f,f,f,f,f,f,f,f,f,f,f,f,f,f,f
NAME walk_bb
ITM 0 12,6
ITM 0 7,9
ITM 0 3,4
ITM 0 8,3
ITM 0 11,1
ITM 0 15,6
ITM 0 1,0
ITM 0 0,7
ITM 1 13,2
ITM 1 9,7
ITM 1 5,2
ITM 1 2,6
ITM 1 6,11
ITM 1 14,9
ITM 1 11,10
ITM 1 15,0
ITM 4 15,3
ITM 4 12,5
ITM 4 10,3
ITM 4 9,5
ITM 4 6,6
ITM 4 4,8
ITM 4 5,5
ITM 4 2,9
ITM 4 0,4
ITM 4 1,5
ITM 4 2,3
ITM 4 4,0
ITM 4 7,1
ITM 4 10,0
ITM 4 14,1
ITM 4 13,4
ITM 4 13,8
ITM 4 14,11
ITM 3 8,8
ITM 3 1,7
ITM 3 6,3
ITM 3 3,1
ITM 3 13,0
ITM 2 14,5
ITM 2 5,9
ITM 2 0,3
ITM 2 8,0
ITM 2 13,10
EXT 15,14 e 0,14
EXT 0,14 h 15,14
PAL 1

ROOM h
0,0,0,0,0,0,0,0,0,0,0,0,0,0,0,0
0,0,0,0,0,0,0,0,0,0,0,0,0,0,0,0
0,0,0,0,0,0,0,0,0,0,0,0,0,0,0,0
0,0,0,0,0,0,0,0,0,0,0,0,0,0,0,0
0,0,0,16,0,0,0,0,0,0,0,0,0,0,0,0
0,0,0,15,0,0,0,0,0,0,0,0,0,0,0,0
0,0,0,15,0,0,0,0,0,0,0,0,0,0,0,0
21,21,21,21,21,21,21,0,0,16,0,0,0,0,0,0
12,12,12,12,12,12,12,21,21,21,0,0,0,0,0,0
e,z,z,b,z,z,d,12,12,12,0,0,0,0,0,0
e,i,i,14,i,i,d,0,0,d,21,21,21,21,21,21
e,i,i,b,i,i,d,14,14,d,18,18,18,18,18,18
e,i,i,14,i,i,d,0,0,d,18,18,18,18,18,18
e,y,y,b,y,y,d,14,14,d,17,17,17,17,17,17
10,10,10,11,10,10,10,13,13,13,1y,1y,20,0,1x,0
f,f,f,f,f,f,f,f,f,f,f,f,f,f,f,f
NAME walk_ba
ITM 0 12,2
ITM 0 13,6
ITM 0 8,5
ITM 0 5,2
ITM 0 2,4
ITM 0 0,1
ITM 1 10,0
ITM 1 15,4
ITM 1 12,8
ITM 1 5,6
ITM 1 1,6
ITM 2 14,1
ITM 2 8,2
ITM 2 0,4
ITM 3 3,0
ITM 3 11,5
ITM 3 15,0
ITM 3 11,9
ITM 4 10,4
ITM 4 8,0
ITM 4 6,4
ITM 4 3,2
ITM 4 1,0
ITM 4 1,3
ITM 4 4,5
ITM 4 10,6
ITM 4 14,9
ITM 4 15,7
ITM 4 14,3
ITM 4 11,1
ITM 4 13,0
ITM 4 10,2
ITM 4 6,1
ITM 4 7,6
EXT 15,14 g 0,14
EXT 3,14 i 11,9
PAL 1

ROOM i
0,0,0,0,0,0,0,0,0,0,0,0,0,0,0,0
0,0,0,0,0,0,0,0,0,0,0,0,0,0,0,0
0,0,0,0,0,0,0,0,0,0,0,0,0,0,0,0
0,0,0,0,0,0,0,0,0,0,0,0,0,0,0,0
0,0,0,0,0,0,0,0,0,0,0,0,0,0,0,0
0,0,0,0,0,0,0,0,0,0,0,0,0,0,0,0
0,g,x,b,b,j,b,b,b,b,b,j,b,c,g,0
0,g,w,0,0,i,0,p,q,0,0,i,0,d,g,0
0,g,v,0,0,s,g,n,o,g,g,y,0,d,g,0
0,g,e,u,t,0,k,l,m,k,0,h,g,r,g,0
0,0,f,f,f,f,f,f,f,f,f,f,f,f,0,0
0,0,0,0,0,0,0,0,0,0,0,0,0,0,0,0
0,0,0,0,0,0,0,0,0,0,0,0,0,0,0,0
0,0,0,0,0,0,0,0,0,0,0,0,0,0,0,0
0,0,0,0,0,0,0,0,0,0,0,0,0,0,0,0
0,0,0,0,0,0,0,0,0,0,0,0,0,0,0,0
NAME pres_ba
EXT 6,9 j 6,9
EXT 11,9 h 3,14
PAL 0

ROOM j
0,0,0,0,0,0,0,0,0,0,0,0,0,0,0,0
0,0,0,0,0,0,0,0,0,0,0,0,0,0,0,0
0,0,0,0,0,0,0,0,0,0,0,0,0,0,0,0
0,0,0,0,0,0,0,0,0,0,0,0,0,0,0,0
0,0,0,0,0,0,0,0,0,0,0,0,0,0,0,0
0,0,0,0,0,0,0,0,0,0,0,0,0,0,0,0
0,g,x,b,b,j,b,b,b,b,b,j,b,c,g,0
0,g,w,0,0,i,0,p,q,0,0,i,0,d,g,0
0,g,v,0,0,s,g,n,o,g,g,y,0,d,g,0
0,g,e,u,t,0,k,l,m,k,0,h,g,r,g,0
0,0,f,f,f,f,f,f,f,f,f,f,f,f,0,0
0,0,0,0,0,0,0,0,0,0,0,0,0,0,0,0
0,0,0,0,0,0,0,0,0,0,0,0,0,0,0,0
0,0,0,0,0,0,0,0,0,0,0,0,0,0,0,0
0,0,0,0,0,0,0,0,0,0,0,0,0,0,0,0
0,0,0,0,0,0,0,0,0,0,0,0,0,0,0,0
NAME pres_bb
EXT 10,9 k 10,9
PAL 0

ROOM k
0,0,0,0,0,0,0,0,0,0,0,0,0,0,0,0
0,0,0,0,0,0,0,0,0,0,0,0,0,0,0,0
0,0,0,0,0,0,0,0,0,0,0,0,0,0,0,0
0,0,0,0,0,0,0,0,0,0,0,0,0,0,0,0
0,0,0,0,0,0,0,0,0,0,0,0,0,0,0,0
0,0,0,0,0,0,0,0,0,0,0,0,0,0,0,0
0,g,x,b,b,j,b,b,b,b,b,j,b,c,g,0
0,g,w,0,0,i,0,p,q,0,0,i,0,d,g,0
0,g,v,0,0,s,g,n,o,g,g,y,0,d,g,0
0,g,e,u,t,0,k,l,m,k,0,h,g,r,g,0
0,0,f,f,f,f,f,f,f,f,f,f,f,f,0,0
0,0,0,0,0,0,0,0,0,0,0,0,0,0,0,0
0,0,0,0,0,0,0,0,0,0,0,0,0,0,0,0
0,0,0,0,0,0,0,0,0,0,0,0,0,0,0,0
0,0,0,0,0,0,0,0,0,0,0,0,0,0,0,0
0,0,0,0,0,0,0,0,0,0,0,0,0,0,0,0
NAME pres_bc
EXT 11,9 l 3,14
PAL 0

ROOM l
29,28,0,0,0,0,0,0,0,0,0,27,28,0,0,0
0,0,0,27,29,29,29,29,28,0,0,0,0,0,0,0
0,0,0,0,0,0,0,0,0,0,0,0,0,0,0,27
0,0,27,29,28,0,0,0,27,29,29,29,29,28,0,0
0,0,0,16,0,0,0,0,0,0,0,0,0,0,0,0
28,0,0,15,0,0,0,0,0,0,0,0,0,27,28,0
0,0,0,15,0,0,0,0,0,0,0,0,0,0,0,0
21,21,21,21,21,21,21,0,0,16,0,0,0,0,26,0
12,12,12,12,12,12,12,21,21,21,0,0,0,22,23,0
e,z,z,b,z,z,d,12,12,12,0,0,0,24,25,0
e,i,i,14,i,i,d,0,0,d,21,21,21,21,21,21
e,i,i,b,i,i,d,14,14,d,18,18,18,18,18,18
e,i,i,14,i,i,d,0,0,d,18,18,18,18,18,18
e,y,y,b,y,y,d,14,14,d,17,17,17,17,17,17
10,10,10,11,10,10,10,13,13,13,1y,1y,20,0,1x,0
f,f,f,f,f,f,f,f,f,f,f,f,f,f,f,f
NAME walk_ca
ITM 0 5,2
ITM 0 0,1
ITM 1 10,0
ITM 1 5,6
ITM 1 1,6
ITM 2 14,1
ITM 2 8,2
ITM 2 0,4
ITM 4 10,4
ITM 4 8,0
ITM 4 6,4
ITM 4 3,2
ITM 4 1,3
ITM 4 4,5
ITM 4 10,6
ITM 4 15,7
ITM 4 14,3
ITM 4 11,1
ITM 4 13,0
ITM 4 10,2
ITM 4 7,6
ITM 4 11,5
ITM 4 15,0
ITM 4 3,0
ITM 4 12,8
ITM 4 13,6
ITM 4 8,5
ITM 4 2,4
ITM 4 12,2
ITM 4 15,4
EXT 15,14 m 0,14
EXT 3,14 k 11,9
PAL 1

ROOM m
0,0,0,0,0,0,0,0,0,0,0,0,0,0,0,0
29,28,0,0,0,0,0,0,27,28,0,0,0,0,0,27
0,0,27,28,0,0,0,0,0,0,0,0,0,0,0,0
0,0,0,0,0,0,0,0,0,0,0,27,29,29,28,0
0,0,0,0,0,27,29,29,29,28,0,0,0,0,0,0
28,0,0,0,0,0,0,0,0,0,0,0,0,0,0,0
0,0,0,0,0,0,0,0,0,2e,2f,0,0,0,0,0
0,0,0,27,29,28,0,0,0,2d,2b,0,0,0,27,29
0,0,0,0,0,0,0,0,2g,2a,2c,0,0,0,0,0
0,16,0,16,0,0,0,0,21,21,21,0,0,0,0,0
21,21,21,21,0,0,0,0,12,12,12,0,0,0,0,0
18,18,18,18,2m,2j,2i,0,e,0,d,0,0,0,0,0
18,18,18,18,2l,2k,2h,1z,13,14,13,1y,1y,1y,20,0
17,17,17,17,e,19,19,19,19,19,19,19,19,19,19,19
0,0,0,0,0,0,1z,1y,1y,20,0,0,0,0,0,0
f,f,f,f,f,f,f,f,f,f,f,f,f,f,f,f
NAME walk_cb
ITM 0 12,6
ITM 0 3,4
ITM 0 8,3
ITM 0 15,6
ITM 1 13,2
ITM 1 5,2
ITM 1 14,9
ITM 4 15,3
ITM 4 12,5
ITM 4 10,3
ITM 4 9,5
ITM 4 6,6
ITM 4 4,8
ITM 4 5,5
ITM 4 2,9
ITM 4 0,4
ITM 4 1,5
ITM 4 2,3
ITM 4 4,0
ITM 4 7,1
ITM 4 10,0
ITM 4 14,1
ITM 4 13,4
ITM 4 13,8
ITM 4 14,11
ITM 2 14,5
ITM 2 5,9
ITM 2 0,3
ITM 2 8,0
ITM 2 13,10
ITM 4 6,3
ITM 4 3,1
ITM 4 1,7
ITM 4 13,0
ITM 4 11,10
ITM 4 7,9
ITM 4 2,6
ITM 4 11,1
ITM 4 15,0
ITM 4 1,0
EXT 15,14 n 0,14
EXT 0,14 l 15,14
PAL 1

ROOM n
0,0,0,0,0,0,0,0,0,0,0,0,0,0,0,0
0,0,0,0,0,0,0,0,0,0,0,0,0,0,0,0
0,0,0,0,0,0,0,0,0,0,0,0,0,0,0,0
0,0,0,0,0,0,0,0,27,29,29,28,0,0,0,0
28,0,0,0,0,0,0,0,0,0,0,0,0,0,0,27
0,0,0,0,0,0,0,0,0,0,0,0,0,0,0,0
0,0,0,0,0,0,0,0,0,0,27,29,29,29,28,0
0,27,29,29,28,0,0,0,0,0,0,0,0,0,0,0
0,0,0,0,0,0,0,0,0,0,0,0,0,0,0,0
0,0,0,0,0,0,0,0,0,0,0,0,0,0,0,0
0,0,0,0,0,26,16,0,0,16,0,0,0,0,0,0
0,0,0,0,22,23,15,1d,0,15,0,0,0,0,0,0
0,0,0,0,24,25,18,1e,1g,18,0,0,0,0,0,0
19,19,19,19,19,0,17,1f,1b,17,19,19,19,19,19,19
0,0,0,0,0,0,0,1c,1a,0,0,0,0,0,0,0
f,f,f,f,f,f,f,f,f,f,f,f,f,f,f,f
NAME walk_cc
ITM 4 14,9
ITM 4 12,10
ITM 4 10,7
ITM 4 6,7
ITM 4 4,9
ITM 4 1,10
ITM 4 0,6
ITM 4 3,6
ITM 4 1,3
ITM 4 5,3
ITM 4 1,1
ITM 4 9,1
ITM 4 11,4
ITM 4 14,2
ITM 4 12,0
ITM 2 13,11
ITM 2 3,11
ITM 2 5,5
ITM 2 3,1
ITM 2 12,2
ITM 1 15,0
ITM 1 13,3
ITM 1 4,8
ITM 1 2,5
ITM 1 0,2
ITM 0 4,3
ITM 0 11,0
ITM 4 15,7
ITM 4 13,1
ITM 4 8,5
ITM 4 7,3
ITM 4 8,0
ITM 4 8,9
ITM 4 11,9
ITM 4 14,12
ITM 4 10,12
ITM 4 2,12
ITM 4 0,11
ITM 0 4,0
ITM 7 7,4
ITM 4 13,7
ITM 4 15,5
ITM 4 6,0
ITM 4 0,8
ITM 4 2,9
ITM 4 8,11
ITM 4 15,11
ITM 4 7,1
ITM 4 2,0
EXT 7,14 o 4,12
EXT 0,14 m 15,14
EXT 9,14 o 11,12
EXT 15,14 p 0,14
PAL 1

ROOM o
0,0,0,0,0,0,0,0,0,0,0,0,0,0,0,0
0,0,0,0,0,0,0,0,0,0,0,0,0,0,0,0
0,0,0,0,0,0,0,0,0,0,0,0,0,0,0,0
0,0,0,0,0,0,0,0,0,0,0,0,0,0,0,0
0,0,0,0,0,0,0,0,0,0,0,0,0,0,0,0
0,0,0,0,0,0,0,0,0,0,0,0,0,0,0,0
0,0,0,0,0,0,0,0,0,0,0,0,0,0,0,0
0,0,0,0,0,0,0,0,0,0,0,0,0,0,0,0
0,0,0,a,b,b,b,b,b,b,b,b,c,0,0,0
0,0,0,e,14,0,14,0,0,14,0,14,d,0,0,0
0,0,0,e,0,14,0,0,0,0,14,0,d,0,0,0
0,0,0,e,g,g,g,0,g,g,g,g,d,0,0,0
0,0,0,e,h,0,0,1h,1h,0,0,h,d,0,0,0
0,0,0,f,f,f,f,f,f,f,f,f,f,0,0,0
0,0,0,0,0,0,0,0,0,0,0,0,0,0,0,0
0,0,0,0,0,0,0,0,0,0,0,0,0,0,0,0
NAME checkpoint_c
EXT 11,12 n 9,14
EXT 4,12 n 7,14
PAL 3

ROOM p
0,0,0,0,0,0,0,0,0,0,0,0,0,0,0,0
0,0,0,0,0,0,0,0,0,27,29,29,29,28,0,0
27,29,29,28,0,0,0,0,0,0,0,0,0,0,0,0
0,0,0,0,27,29,28,0,0,0,0,0,0,0,0,0
0,0,0,0,0,0,0,0,0,0,0,0,0,0,27,29
0,0,0,0,0,0,0,27,28,0,0,0,0,0,0,0
0,0,0,0,0,0,0,0,0,0,0,0,2v,2u,0,0
29,28,0,0,16,0,0,0,16,0,0,0,2t,2n,2p,0
0,0,0,0,15,0,0,0,15,27,29,28,0,2o,2q,2k
0,0,0,26,21,21,21,21,21,0,0,0,0,2s,2r,0
0,0,22,23,13,13,13,13,13,0,0,0,21,21,21,21
0,0,24,25,1b,1h,1h,1h,1b,0,0,0,18,18,18,18
0,1z,1y,1y,1a,10,11,10,1a,1z,1y,20,18,18,18,18
19,19,19,19,19,19,19,19,19,19,19,19,17,17,17,17
0,0,0,0,0,0,0,0,0,0,0,0,0,0,0,0
f,f,f,f,f,f,f,f,f,f,f,f,f,f,f,f
NAME walk_cd
ITM 0 9,2
ITM 0 7,6
ITM 0 1,5
ITM 1 13,0
ITM 1 15,6
ITM 1 3,7
ITM 1 5,0
ITM 1 2,1
ITM 2 11,0
ITM 4 10,6
ITM 4 5,5
ITM 4 2,5
ITM 4 1,10
ITM 4 4,4
ITM 4 2,0
ITM 4 5,1
ITM 4 7,1
ITM 4 8,0
ITM 4 11,3
ITM 4 9,5
ITM 4 14,1
ITM 4 15,0
ITM 4 13,4
ITM 4 2,3
ITM 4 4,2
ITM 4 0,9
ITM 4 0,6
ITM 4 0,0
ITM 4 8,4
ITM 4 14,3
EXT 15,14 q 0,14
EXT 0,14 n 15,14
PAL 1

ROOM q
28,0,0,0,0,0,0,0,0,0,0,0,0,0,0,0
0,0,0,0,0,0,0,0,0,27,29,28,0,0,0,0
27,29,29,29,29,28,0,0,0,0,0,0,0,0,0,27
0,0,0,0,0,0,0,0,0,0,0,0,0,0,0,0
0,0,0,27,29,29,28,0,0,0,16,0,16,0,16,0
0,0,0,0,0,0,0,0,0,0,15,0,15,0,15,0
29,29,28,0,0,0,0,0,0,0,15,1z,1y,20,1z,1y
0,0,0,0,0,26,27,29,29,28,a,b,b,b,b,b
0,0,0,0,22,23,0,0,0,0,e,12,0,12,0,12
0,0,0,0,24,25,0,0,0,27,e,2w,0,2w,0,2w
21,21,21,21,21,21,21,21,21,21,z,z,z,z,b,z
18,18,18,18,18,18,18,18,18,18,i,i,i,i,0,i
18,18,18,18,18,18,21,21,21,21,y,y,y,j,h,j
17,17,17,17,17,17,a,b,b,b,b,g,1k,1j,1i,b
1z,20,0,1x,0,0,1z,1y,1y,20,1k,1j,1i,1l,v,1y
f,f,f,f,f,f,f,f,f,f,f,f,f,f,f,f
NAME walk_ce
ITM 0 12,1
ITM 0 7,4
ITM 1 6,2
ITM 1 4,1
ITM 1 11,2
ITM 1 9,0
ITM 1 15,3
ITM 1 13,5
ITM 4 15,5
ITM 4 11,4
ITM 4 14,2
ITM 4 15,0
ITM 4 11,0
ITM 4 8,3
ITM 4 6,0
ITM 4 5,3
ITM 4 2,4
ITM 4 0,3
ITM 4 2,1
ITM 4 3,0
ITM 4 8,6
ITM 4 3,9
ITM 4 0,8
ITM 4 2,7
ITM 4 0,5
ITM 4 9,8
ITM 4 6,6
ITM 4 4,5
ITM 2 13,0
ITM 4 3,6
ITM 4 8,1
ITM 4 10,3
EXT 0,14 p 15,14
EXT 11,14 r 3,9
PAL 1

ROOM r
0,0,0,0,0,0,0,0,0,0,0,0,0,0,0,0
0,0,0,0,0,0,0,0,0,0,0,0,0,0,0,0
0,0,0,0,0,0,0,0,0,0,0,0,0,0,0,0
0,0,0,0,0,0,0,0,0,0,0,0,0,0,0,0
0,0,0,0,0,0,0,0,0,0,0,0,0,0,0,0
0,0,0,0,0,0,0,0,0,0,0,0,0,0,0,0
0,g,a,b,z,z,b,c,a,b,b,b,b,c,g,0
0,g,e,0,y,y,1s,1r,1q,1p,0,0,0,d,g,0
0,g,e,s,1w,1v,g,1s,1p,g,g,g,s,d,g,0
0,g,e,h,1u,1t,k,0,0,k,0,0,1o,1n,g,0
0,0,f,f,f,f,f,f,f,f,f,f,f,f,0,0
0,0,0,0,0,0,0,0,0,0,0,0,0,0,0,0
0,0,0,0,0,0,0,0,0,0,0,0,0,0,0,0
0,0,0,0,0,0,0,0,0,0,0,0,0,0,0,0
0,0,0,0,0,0,0,0,0,0,0,0,0,0,0,0
0,0,0,0,0,0,0,0,0,0,0,0,0,0,0,0
NAME prem_ca
EXT 3,9 q 10,14
EXT 10,9 s 10,9
PAL 2

ROOM s
0,0,0,0,0,0,0,0,0,0,0,0,0,0,0,0
0,0,0,0,0,0,0,0,0,0,0,0,0,0,0,0
0,0,0,0,0,0,0,0,0,0,0,0,0,0,0,0
0,0,0,0,0,0,0,0,0,0,0,0,0,0,0,0
0,0,0,0,0,0,0,0,0,0,0,0,0,0,0,0
0,0,0,0,0,0,0,0,0,0,0,0,0,0,0,0
0,g,a,b,z,z,b,c,a,b,b,b,b,c,g,0
0,g,e,0,y,y,1s,1r,1q,1p,0,0,0,d,g,0
0,g,e,s,1w,1v,g,1s,1p,g,g,g,s,d,g,0
0,g,e,h,1u,1t,k,0,0,k,0,0,1o,1n,g,0
0,0,f,f,f,f,f,f,f,f,f,f,f,f,0,0
0,0,0,0,0,0,0,0,0,0,0,0,0,0,0,0
0,0,0,0,0,0,0,0,0,0,0,0,0,0,0,0
0,0,0,0,0,0,0,0,0,0,0,0,0,0,0,0
0,0,0,0,0,0,0,0,0,0,0,0,0,0,0,0
0,0,0,0,0,0,0,0,0,0,0,0,0,0,0,0
NAME prem_cb
EXT 4,9 t 4,9
PAL 2

ROOM t
0,0,0,0,0,0,0,0,0,0,0,0,0,0,0,0
0,0,0,0,0,0,0,0,0,0,0,0,0,0,0,0
0,0,0,0,0,0,0,0,0,0,0,0,0,0,0,0
0,0,0,0,0,0,0,0,0,0,0,0,0,0,0,0
0,0,0,0,0,0,0,0,0,0,0,0,0,0,0,0
0,0,0,0,0,0,0,0,0,0,0,0,0,0,0,0
0,g,a,b,z,z,b,c,a,b,b,b,b,c,g,0
0,g,e,0,y,y,1s,1r,1q,1p,0,0,0,d,g,0
0,g,e,s,1w,1v,g,1s,1p,g,g,g,s,d,g,0
0,g,e,h,1u,1t,k,0,0,k,0,0,1o,1n,g,0
0,0,f,f,f,f,f,f,f,f,f,f,f,f,0,0
0,0,0,0,0,0,0,0,0,0,0,0,0,0,0,0
0,0,0,0,0,0,0,0,0,0,0,0,0,0,0,0
0,0,0,0,0,0,0,0,0,0,0,0,0,0,0,0
0,0,0,0,0,0,0,0,0,0,0,0,0,0,0,0
0,0,0,0,0,0,0,0,0,0,0,0,0,0,0,0
NAME prem_cc
EXT 3,9 u 10,14
PAL 2

ROOM u
0,27,29,29,28,0,0,27,29,29,29,29,29,28,0,0
2y,2y,2y,2y,2y,2y,2y,2y,2y,2y,2y,2y,2y,2y,2y,2y
2z,2z,2z,2z,2z,2z,2z,2z,2z,2z,2z,2z,2z,2z,2z,2z
30,30,30,30,30,30,30,30,30,30,30,30,30,30,30,30
0,0,0,27,29,29,28,0,0,0,16,0,16,0,16,27
2x,2x,2x,2x,2x,2x,2x,2x,2x,2x,15,2x,15,2x,15,2x
29,29,28,0,0,0,0,0,0,0,15,1z,1y,20,1z,1y
0,0,0,0,0,26,27,29,29,28,a,b,b,b,b,b
2x,2x,2x,2x,22,23,2x,2x,2x,2x,e,12,0,12,0,12
2y,2y,2y,2y,24,25,2y,2y,2y,2y,e,2w,0,2w,0,2w
21,21,21,21,21,21,21,21,21,21,z,z,z,z,b,z
18,18,18,18,18,18,18,18,18,18,i,i,i,i,0,i
18,18,18,18,18,18,21,21,21,21,y,y,y,j,h,j
17,17,17,17,17,17,a,b,b,b,b,g,1k,1j,1i,b
1z,20,0,1x,0,0,1z,1y,1y,20,1k,1j,1i,1l,v,1y
f,f,f,f,f,f,f,f,f,f,f,f,f,f,f,f
NAME walk_de
EXT 0,14 v 15,14
EXT 11,14 t 3,9
PAL 4

ROOM v
0,0,0,0,0,27,29,29,29,28,0,0,0,0,0,27
2y,2y,2y,2y,2y,2y,2y,2y,2y,2y,2y,2y,2y,2y,2y,2y
2z,2z,2z,2z,2z,2z,2z,2z,2z,2z,2z,2z,2z,2z,2z,2z
30,30,30,30,30,30,30,30,30,30,30,30,30,30,30,30
0,0,0,0,0,0,0,0,0,32,31,0,0,0,27,29
2x,2x,2x,2x,2x,2x,2x,2x,2x,2x,2x,2x,2x,2x,2x,2x
0,0,0,0,0,0,32,31,0,0,0,0,2v,2u,0,0
29,28,0,0,16,0,0,0,16,0,0,0,2t,2n,2p,0
2x,2x,2x,2x,15,2x,2x,2x,15,2x,2x,2x,2x,2o,2q,2k
2y,2y,0,26,21,21,21,21,21,2y,33,34,2y,2s,2r,2y
30,30,22,23,13,13,13,13,13,30,35,36,21,21,21,21
2y,2y,24,25,1b,1h,1h,1h,1b,2y,2y,2y,18,18,18,18
30,1z,1y,1y,1a,10,11,10,1a,1z,1y,20,18,18,18,18
19,19,19,19,19,19,19,19,19,19,19,19,17,17,17,17
0,0,0,0,0,0,0,0,0,0,0,0,0,0,0,0
f,f,f,f,f,f,f,f,f,f,f,f,f,f,f,f
NAME walk_dd
EXT 15,14 u 0,14
EXT 0,14 w 15,14
PAL 4

ROOM w
0,27,29,29,28,0,0,0,0,0,27,29,29,28,0,0
2y,2y,2y,2y,2y,2y,2y,2y,2y,2y,2y,2y,2y,2y,2y,2y
2z,2z,2z,2z,2z,2z,2z,2z,2z,2z,2z,2z,2z,2z,2z,2z
30,30,30,30,30,30,30,30,30,30,30,30,30,30,30,30
28,0,0,0,0,0,0,0,0,0,0,0,0,0,0,27
2x,2x,2x,2x,2x,2x,2x,2x,2x,2x,2x,2x,2x,2x,2x,2x
0,0,0,0,0,0,0,0,0,0,27,29,29,29,28,0
0,27,29,29,28,0,0,0,0,0,0,0,0,0,0,0
2x,2x,2x,2x,2x,2x,16,2x,2x,16,2x,2x,2x,2x,2x,2x
2y,2y,2y,2y,2y,2y,15,2y,2y,15,2y,2y,2y,2y,2y,2y
30,30,30,30,30,26,15,30,30,15,30,26,30,30,30,30
2y,2y,2y,2y,22,23,21,21,21,21,22,23,2y,2y,2y,2y
30,30,30,30,24,25,18,1e,1g,18,24,25,30,30,30,30
19,19,19,19,19,0,17,1f,1b,17,19,19,19,19,19,19
0,0,0,0,0,0,0,1c,1a,0,0,0,0,0,0,0
f,f,f,f,f,f,f,f,f,f,f,f,f,f,f,f
NAME walk_dc
ITM 8 7,4
EXT 7,14 x 4,12
EXT 0,14 y 15,14
EXT 9,14 x 11,12
EXT 15,14 v 0,14
PAL 4

ROOM x
0,0,0,0,0,0,0,0,0,0,0,0,0,0,0,0
0,0,0,0,0,0,0,0,0,0,0,0,0,0,0,0
0,0,0,0,0,0,0,0,0,0,0,0,0,0,0,0
0,0,0,0,0,0,0,0,0,0,0,0,0,0,0,0
0,0,0,0,0,0,0,0,0,0,0,0,0,0,0,0
0,0,0,0,0,0,0,0,0,0,0,0,0,0,0,0
0,0,0,0,0,0,0,0,0,0,0,0,0,0,0,0
0,0,0,0,0,0,0,0,0,0,0,0,0,0,0,0
0,0,0,a,b,b,b,b,b,b,b,b,c,0,0,0
0,0,0,e,14,0,14,0,0,14,0,14,d,0,0,0
0,0,0,e,0,14,0,0,0,0,14,0,d,0,0,0
0,0,0,e,g,g,g,0,g,g,g,g,d,0,0,0
0,0,0,e,h,0,0,1h,1h,0,0,h,d,0,0,0
0,0,0,f,f,f,f,f,f,f,f,f,f,0,0,0
0,0,0,0,0,0,0,0,0,0,0,0,0,0,0,0
0,0,0,0,0,0,0,0,0,0,0,0,0,0,0,0
NAME checkpoint_d
EXT 11,12 w 9,14
EXT 4,12 w 7,14
PAL 3

ROOM y
0,0,0,0,0,0,0,0,0,0,0,0,0,0,0,0
2y,2y,2y,2y,2y,2y,2y,2y,2y,2y,2y,2y,2y,2y,2y,2y
2z,2z,2z,2z,2z,2z,2z,2z,2z,2z,2z,2z,2z,2z,2z,2z
30,30,30,30,30,30,30,30,30,30,30,30,30,30,30,30
0,0,0,0,0,27,29,29,29,28,0,3f,3e,0,0,0
2x,2x,2x,2x,2x,2x,2x,2x,2x,2x,2x,2x,2x,2x,2x,2x
0,0,0,0,3f,3e,0,0,0,2e,2f,0,0,0,0,0
0,0,0,27,29,28,0,0,0,2d,2b,0,0,0,27,29
2x,2x,2x,2x,2x,2e,2f,2x,2g,2a,2c,2x,2x,2x,2x,2x
2y,16,2y,16,2y,2d,2b,2y,21,21,21,2y,2y,0,26,2y
21,21,21,21,2g,2a,2c,30,12,12,12,30,30,22,23,30
18,18,18,18,2m,2j,2i,2y,e,0,d,2y,2y,24,25,2y
18,18,18,18,2l,2k,2h,1z,13,14,13,1y,1y,1y,20,30
17,17,17,17,21,21,38,3c,3d,3b,21,21,21,21,21,21
0,0,0,0,0,0,37,39,39,3a,0,0,0,0,0,0
f,f,f,f,f,f,f,f,f,f,f,f,f,f,f,f
NAME walk_db
EXT 15,14 w 0,14
EXT 0,14 z 15,14
PAL 4

ROOM z
29,28,0,0,0,0,0,0,0,0,0,27,28,0,0,0
2y,3f,3e,2y,2y,2y,2y,2y,2y,2y,2y,3f,3e,2y,2y,2y
2z,2z,2z,2z,2z,2z,2z,2z,2z,2z,2z,2z,2z,2z,2z,2z
30,30,30,30,30,30,30,30,30,30,30,30,30,30,30,30
0,0,0,16,0,0,0,3f,3e,0,0,0,0,0,0,0
2x,3h,3g,15,3h,3g,2x,2x,2x,2x,2x,2x,2x,2x,2x,2x
0,j,0,15,j,0,0,3h,3g,0,0,3f,3e,0,0,0
21,21,21,21,21,21,21,j,0,16,0,0,0,0,26,0
12,12,12,12,12,12,12,21,21,21,2x,2x,2x,22,23,2x
e,z,z,b,z,z,d,12,12,12,2y,2y,2y,24,25,2y
e,i,i,14,i,i,d,0,0,d,21,21,21,21,21,21
e,i,i,b,i,i,d,14,14,d,3j,18,18,18,3i,18
e,i,i,14,i,i,d,0,0,d,18,3i,18,18,18,3j
e,y,y,b,y,y,d,14,14,d,17,17,17,17,17,17
10,10,10,11,10,10,10,13,13,13,1y,1y,20,0,1x,0
f,f,f,f,f,f,f,f,f,f,f,f,f,f,f,f
NAME walk_da
EXT 15,14 y 0,14
EXT 3,14 10 11,9
PAL 4

ROOM 1a
0,0,0,0,0,0,0,0,0,0,0,0,0,0,0,0
0,0,0,0,0,0,0,0,0,0,0,0,0,0,0,0
0,0,0,0,0,0,0,0,0,0,0,0,0,0,0,0
0,0,0,0,0,0,0,0,0,0,0,0,0,0,0,0
0,0,0,0,0,0,0,0,0,0,0,0,0,0,0,0
0,0,0,0,0,0,0,0,0,0,0,0,0,0,0,0
0,0,0,0,0,0,0,0,0,0,0,0,0,0,0,0
0,0,0,0,0,0,0,0,0,0,0,0,0,0,0,0
0,0,0,0,0,0,16,0,0,16,0,0,0,0,0,0
0,0,0,0,0,0,15,0,0,15,0,0,0,0,0,0
0,0,0,0,0,26,15,0,0,15,0,26,4a,0,4a,0
47,0,47,0,22,23,21,21,21,21,22,23,47,4a,47,4a
0,47,0,47,24,25,18,1e,1g,18,24,25,0,47,0,47
19,19,19,19,19,19,17,1f,1b,17,19,19,19,19,19,19
0,0,g,0,g,0,0,1c,1a,0,0,0,0,0,0,0
f,f,f,f,f,f,f,f,f,f,f,f,f,f,f,f
NAME nukes_d
EXT 7,14 x 4,12
EXT 3,14 1b 4,14
EXT 9,14 x 11,12
EXT 15,14 v 0,14
PAL 3

ROOM 1b
0,0,0,0,0,0,0,0,0,0,0,0,0,0,0,0
0,0,0,0,0,0,0,0,0,0,0,0,0,0,0,0
0,0,0,0,0,0,0,0,0,0,0,0,0,0,0,0
0,0,0,0,0,0,0,0,0,0,0,0,0,0,0,0
0,0,0,0,0,0,0,0,0,0,0,0,0,0,0,0
0,0,0,0,0,0,0,0,0,0,0,0,0,0,0,0
0,0,0,0,0,0,0,0,0,0,0,0,0,0,0,0
0,0,0,0,0,0,0,0,0,0,0,0,0,0,0,0
0,0,0,0,0,0,16,0,0,16,0,0,4a,0,4a,0
0,0,0,0,0,0,15,0,0,15,0,0,0,4a,0,4a
0,0,0,0,0,26,15,0,0,15,0,26,0,0,0,0
47,0,47,0,22,23,21,21,21,21,22,23,47,0,47,0
0,47,0,47,24,25,18,1e,1g,18,24,25,0,47,0,47
19,19,19,19,19,19,17,1f,1b,17,19,19,19,19,19,19
0,0,0,g,0,g,0,1c,1a,0,0,0,0,0,0,0
f,f,f,f,f,f,f,f,f,f,f,f,f,f,f,f
NAME nukes_e
EXT 7,14 x 4,12
EXT 4,14 1c 5,14
EXT 9,14 x 11,12
EXT 15,14 v 0,14
PAL 3

ROOM 1c
0,0,0,0,0,0,0,0,0,0,0,0,0,0,0,0
0,0,0,0,0,0,0,0,0,0,0,0,0,0,0,0
0,0,0,0,0,0,0,0,0,0,0,0,0,0,0,0
0,0,0,0,0,0,0,0,0,0,0,0,0,0,0,0
0,0,0,0,0,0,0,0,0,0,0,0,0,0,0,0
0,0,0,0,0,0,0,0,0,0,0,0,4a,0,4a,0
0,0,0,0,0,0,0,0,0,0,0,0,0,0,0,0
0,0,0,0,0,0,0,0,0,0,0,0,0,4a,0,4a
0,0,0,0,0,0,16,0,0,16,0,0,0,0,0,0
0,0,0,0,0,0,15,0,0,15,0,0,0,0,0,0
0,0,0,0,0,26,15,0,0,15,0,26,0,0,0,0
47,0,47,0,22,23,21,21,21,21,22,23,47,0,47,0
0,47,0,47,24,25,18,1e,1g,18,24,25,0,47,0,47
19,19,19,19,19,19,17,1f,1b,17,19,19,19,19,19,19
0,0,0,0,g,0,g,1c,1a,0,0,0,0,0,0,0
f,f,f,f,f,f,f,f,f,f,f,f,f,f,f,f
NAME nukes_f
EXT 7,14 x 4,12
EXT 5,14 1d 6,14
EXT 9,14 x 11,12
EXT 15,14 v 0,14
PAL 3

ROOM 1d
0,0,0,0,0,0,0,0,0,0,0,0,0,0,0,0
0,0,0,0,0,0,0,0,0,0,0,0,0,0,0,0
0,0,0,0,0,0,0,0,0,0,0,0,4a,0,4a,0
0,0,0,0,0,0,0,0,0,0,0,0,0,0,0,0
0,0,0,0,0,0,0,0,0,0,0,0,0,4a,0,4a
0,0,0,0,0,0,0,0,0,0,0,0,0,0,0,0
0,0,0,0,0,0,0,0,0,0,0,0,0,0,0,0
0,0,0,0,0,0,0,0,0,0,0,0,0,0,0,0
0,0,0,0,0,0,16,0,0,16,0,0,0,0,0,0
0,0,0,0,0,0,15,0,0,15,0,0,0,0,0,0
0,0,0,0,0,26,15,0,0,15,0,26,0,0,0,0
47,0,47,0,22,23,21,21,21,21,22,23,47,0,47,0
0,47,0,47,24,25,18,1e,1g,18,24,25,0,47,0,47
19,19,19,19,19,19,17,1f,1b,17,19,19,19,19,19,19
0,0,0,0,0,g,0,1c,1a,0,0,0,0,0,0,0
f,f,f,f,f,f,f,f,f,f,f,f,f,f,f,f
NAME nukes_g
EXT 7,14 1e 4,12
EXT 6,14 1e 4,12
EXT 9,14 x 11,12
EXT 15,14 v 0,14
PAL 3

ROOM 1e
0,0,0,0,0,0,0,0,0,0,0,0,0,0,0,0
0,0,0,0,0,0,0,0,0,0,0,0,0,0,0,0
0,0,0,0,0,0,0,0,0,0,0,0,0,0,0,0
0,0,0,0,0,0,0,0,0,0,0,0,0,0,0,0
0,0,0,0,0,0,0,0,0,0,0,0,0,0,0,0
0,0,0,0,0,0,0,0,0,0,0,0,0,0,0,0
0,0,0,0,0,0,0,0,0,0,0,0,0,0,0,0
0,0,0,0,0,0,0,0,0,0,0,0,0,0,0,0
0,0,0,a,b,b,b,b,b,b,b,b,c,0,0,0
0,0,0,e,14,0,14,0,0,14,0,14,d,0,0,0
0,0,0,e,0,14,0,0,0,0,14,0,d,0,0,0
0,0,0,e,g,g,g,0,g,g,g,g,d,0,0,0
0,0,0,e,h,0,0,1h,1h,0,0,h,d,0,0,0
0,0,0,f,f,f,f,f,f,f,f,f,f,0,0,0
0,0,0,0,0,0,0,0,0,0,0,0,0,0,0,0
0,0,0,0,0,0,0,0,0,0,0,0,0,0,0,0
NAME checkpoint_e
EXT 11,12 1f 9,14
PAL 3

ROOM 1f
0,0,0,0,0,0,0,0,0,0,0,0,0,0,0,0
0,0,0,0,0,0,0,0,0,0,0,0,0,0,0,0
0,0,0,0,0,0,0,0,0,0,0,0,0,0,0,0
0,0,0,0,0,0,0,0,0,0,0,0,0,0,0,0
0,0,0,0,0,0,0,0,0,0,0,0,0,0,0,0
0,0,0,0,0,0,0,0,0,0,0,0,0,0,0,0
0,0,0,0,0,0,0,0,0,0,0,0,0,0,0,0
0,0,0,0,0,0,0,0,0,0,0,0,0,0,0,0
0,0,0,0,0,0,16,0,0,16,0,0,0,0,0,0
0,0,0,0,0,0,15,0,0,15,0,0,0,0,0,0
4a,0,4a,0,0,26,15,0,0,15,0,26,0,0,0,0
47,4a,47,4a,22,23,21,21,21,21,22,23,47,0,47,0
0,47,0,47,24,25,18,1e,1g,18,24,25,0,47,0,47
19,19,19,19,19,19,17,1f,1b,17,19,19,19,19,19,19
0,0,0,0,0,0,0,1c,1a,0,g,0,0,0,0,0
f,f,f,f,f,f,f,f,f,f,f,f,f,f,f,f
NAME nukes_h
EXT 9,14 1g 10,14
EXT 15,14 v 0,14
PAL 3

ROOM 1g
0,0,0,0,0,0,0,0,0,0,0,0,0,0,0,0
0,0,0,0,0,0,0,0,0,0,0,0,0,0,0,0
0,0,0,0,0,0,0,0,0,0,0,0,0,0,0,0
0,0,0,0,0,0,0,0,0,0,0,0,0,0,0,0
0,0,0,0,0,0,0,0,0,0,0,0,0,0,0,0
0,0,0,0,0,0,0,0,0,0,0,0,0,0,0,0
0,0,0,0,0,0,0,0,0,0,0,0,0,0,0,0
0,0,0,0,0,0,0,0,0,0,0,0,0,0,0,0
4a,0,4a,0,0,0,16,0,0,16,0,0,0,0,0,0
0,4a,0,4a,0,0,15,0,0,15,0,0,0,0,0,0
0,0,0,0,0,26,15,0,0,15,0,26,0,0,0,0
47,0,47,0,22,23,21,21,21,21,22,23,47,0,47,0
0,47,0,47,24,25,18,1e,1g,18,24,25,0,47,0,47
19,19,19,19,19,19,17,1f,1b,17,19,19,19,19,19,19
0,0,0,0,0,0,0,1c,1a,g,0,g,0,0,0,0
f,f,f,f,f,f,f,f,f,f,f,f,f,f,f,f
NAME nukes_i
EXT 10,14 1h 11,14
EXT 15,14 v 0,14
PAL 3

ROOM 1h
0,0,0,0,0,0,0,0,0,0,0,0,0,0,0,0
0,0,0,0,0,0,0,0,0,0,0,0,0,0,0,0
0,0,0,0,0,0,0,0,0,0,0,0,0,0,0,0
0,0,0,0,0,0,0,0,0,0,0,0,0,0,0,0
0,0,0,0,0,0,0,0,0,0,0,0,0,0,0,0
0,0,0,0,0,0,0,0,0,0,0,0,0,0,0,0
4a,0,4a,0,0,0,0,0,0,0,0,0,0,0,0,0
0,0,0,0,0,0,0,0,0,0,0,0,0,0,0,0
0,4a,0,4a,0,0,16,0,0,16,0,0,0,0,0,0
0,0,0,0,0,0,15,0,0,15,0,0,0,0,0,0
0,0,0,0,0,26,15,0,0,15,0,26,0,0,0,0
47,0,47,0,22,23,21,21,21,21,22,23,47,0,47,0
0,47,0,47,24,25,18,1e,1g,18,24,25,0,47,0,47
19,19,19,19,19,19,17,1f,1b,17,19,19,19,19,19,19
0,0,0,0,0,0,0,1c,1a,0,g,0,g,0,0,0
f,f,f,f,f,f,f,f,f,f,f,f,f,f,f,f
NAME nukes_j
EXT 11,14 1i 12,14
EXT 15,14 v 0,14
PAL 3

ROOM 1i
0,0,0,0,0,0,0,0,0,0,0,0,0,0,0,0
0,0,0,0,0,0,0,0,0,0,0,0,0,0,0,0
0,0,0,0,0,0,0,0,0,0,0,0,0,0,0,0
0,0,0,0,0,0,0,0,0,0,0,0,0,0,0,0
4a,0,4a,0,0,0,0,0,0,0,0,0,0,0,0,0
0,0,0,0,0,0,0,0,0,0,0,0,0,0,0,0
0,4a,0,4a,0,0,0,0,0,0,0,0,0,0,0,0
0,0,0,0,0,0,0,0,0,0,0,0,0,0,0,0
0,0,0,0,0,0,16,0,0,16,0,0,0,0,0,0
0,0,0,0,0,0,15,0,0,15,0,0,0,0,0,0
0,0,0,0,0,26,15,0,0,15,0,26,0,0,0,0
47,0,47,0,22,23,21,21,21,21,22,23,47,0,47,0
0,47,0,47,24,25,18,1e,1g,18,24,25,0,47,0,47
19,19,19,19,19,19,17,1f,1b,17,19,19,19,19,19,19
0,0,0,0,0,0,0,1c,1a,0,0,g,0,g,0,0
f,f,f,f,f,f,f,f,f,f,f,f,f,f,f,f
NAME nukes_k
EXT 12,14 1j 13,14
EXT 15,14 v 0,14
PAL 3

ROOM 1j
0,0,0,0,0,0,0,0,0,0,0,0,0,0,0,0
0,0,0,0,0,0,0,0,0,0,0,0,0,0,0,0
4a,0,4a,0,0,0,0,0,0,0,0,0,0,0,0,0
0,0,0,0,0,0,0,0,0,0,0,0,0,0,0,0
0,4a,0,4a,0,0,0,0,0,0,0,0,0,0,0,0
0,0,0,0,0,0,0,0,0,0,0,0,0,0,0,0
0,0,0,0,0,0,0,0,0,0,0,0,0,0,0,0
0,0,0,0,0,0,0,0,0,0,0,0,0,0,0,0
0,0,0,0,0,0,16,0,0,16,0,0,0,0,0,0
0,0,0,0,0,0,15,0,0,15,0,0,0,0,0,0
0,0,0,0,0,26,15,0,0,15,0,26,0,0,0,0
47,0,47,0,22,23,21,21,21,21,22,23,47,0,47,0
0,47,0,47,24,25,18,1e,1g,18,24,25,0,47,0,47
19,19,19,19,19,19,17,1f,1b,17,19,19,19,19,19,19
0,0,0,0,0,0,0,1c,1a,0,0,0,g,0,g,0
f,f,f,f,f,f,f,f,f,f,f,f,f,f,f,f
NAME nukes_l
EXT 13,14 1k 14,14
EXT 15,14 v 0,14
PAL 3

ROOM 1k
4a,0,4a,0,0,0,0,0,0,0,0,0,0,0,0,0
0,0,0,0,0,0,0,0,0,0,0,0,0,0,0,0
0,4a,0,4a,0,0,0,0,0,0,0,0,0,0,0,0
0,0,0,0,0,0,0,0,0,0,0,0,0,0,0,0
0,0,0,0,0,0,0,0,0,0,0,0,0,0,0,0
0,0,0,0,0,0,0,0,0,0,0,0,0,0,0,0
0,0,0,0,0,0,0,0,0,0,0,0,0,0,0,0
0,0,0,0,0,0,0,0,0,0,0,0,0,0,0,0
0,0,0,0,0,0,16,0,0,16,0,0,0,0,0,0
0,0,0,0,0,0,15,0,0,15,0,0,0,0,0,0
0,0,0,0,0,26,15,0,0,15,0,26,0,0,0,0
47,0,47,0,22,23,21,21,21,21,22,23,47,0,47,0
0,47,0,47,24,25,18,1e,1g,18,24,25,0,47,0,47
19,19,19,19,19,19,17,1f,1b,17,19,19,19,19,19,19
0,0,0,0,0,0,0,1c,1a,0,0,0,0,g,0,0
f,f,f,f,f,f,f,f,f,f,f,f,f,f,f,f
NAME nukes_m
EXT 14,14 1l 0,14
EXT 15,14 1l 0,14
PAL 3

ROOM 1l
0,0,0,0,0,0,0,0,0,0,0,0,0,0,0,0
0,0,0,0,0,0,0,0,0,0,0,0,0,0,0,0
0,0,0,0,0,0,0,0,0,0,0,0,0,0,0,0
0,0,0,0,0,0,0,0,0,0,0,0,0,0,0,0
0,0,0,0,0,0,0,0,0,0,0,0,0,0,0,0
0,0,0,0,0,0,0,0,0,0,0,0,0,0,0,0
0,0,0,0,0,0,0,0,0,0,0,0,0,0,0,0
0,0,0,0,0,0,0,0,0,0,0,0,0,0,0,0
0,0,0,0,0,0,0,0,0,0,0,0,0,0,0,0
0,0,0,0,0,0,0,0,0,0,0,0,0,0,0,0
0,0,0,0,0,0,0,0,0,0,0,0,0,0,0,0
0,0,0,0,0,0,0,0,0,0,0,0,0,0,0,0
0,0,0,0,4b,4d,4d,4d,4c,0,0,0,4e,4e,4e,4e
19,19,19,19,19,19,19,19,19,19,19,19,17,17,17,17
0,0,0,0,0,0,0,0,0,0,0,0,0,0,0,0
f,f,f,f,f,f,f,f,f,f,f,f,f,f,f,f
NAME walk_ed
EXT 15,14 1m 0,14
PAL 3

ROOM 1m
0,0,0,0,0,0,0,0,0,0,0,0,0,0,0,0
0,0,0,0,0,0,0,0,0,0,0,0,0,0,0,0
0,0,0,0,0,0,0,0,0,0,0,0,0,0,0,0
0,0,0,0,0,0,0,0,0,0,0,0,0,0,0,0
0,0,0,0,0,0,0,0,0,0,0,0,0,0,0,0
0,0,0,0,0,0,0,0,0,0,0,0,0,0,0,0
0,0,0,0,0,0,0,0,0,0,0,0,0,0,0,0
0,0,0,0,0,0,0,0,0,0,a,b,b,4f,4g,4h
0,0,0,0,0,0,0,0,0,0,e,12,0,12,0,12
0,0,0,0,0,0,0,0,0,0,e,2w,0,0,0,2w
0,0,0,0,0,0,0,0,0,0,z,z,z,z,b,z
0,0,4e,0,0,4e,0,0,0,0,4i,i,i,i,0,i
4e,4e,18,4e,4e,18,0,0,0,0,0,y,y,j,h,j
17,17,17,17,17,17,4c,b,b,4f,4c,g,1k,1j,1i,b
1z,20,0,1x,0,0,1z,1y,1y,20,1k,1j,1i,1l,v,1y
f,f,f,f,f,f,f,f,f,f,f,f,f,f,f,f
NAME walk_ee
EXT 0,14 1l 15,14
EXT 11,14 1n 3,9
PAL 3

ROOM 1n
0,0,0,0,0,0,0,0,0,0,0,0,0,0,0,0
0,0,0,0,0,0,0,0,0,0,0,0,0,0,0,0
0,0,0,0,0,0,0,0,0,0,0,0,0,0,0,0
0,0,0,0,0,0,0,0,0,0,0,0,0,0,0,0
0,0,0,0,0,0,0,0,0,0,0,0,0,0,0,0
0,0,0,0,0,0,0,0,0,0,0,0,0,0,0,0
0,g,a,b,z,z,b,c,a,b,b,b,b,c,g,0
0,g,e,0,y,y,g,g,g,g,0,0,0,d,g,0
0,g,e,s,1w,1v,g,g,g,g,g,g,s,d,g,0
0,g,e,h,1u,1t,4j,4k,4l,4m,0,0,3k,d,g,0
0,0,f,f,f,f,f,f,f,f,f,f,3l,f,0,0
0,0,0,0,0,0,0,0,0,0,0,0,3m,0,0,0
0,0,0,0,0,0,0,0,0,0,0,0,3n,0,0,0
0,0,0,0,0,0,0,0,0,0,0,0,3l,0,0,0
0,0,0,0,0,0,0,0,0,0,0,0,3m,0,0,0
0,0,0,0,0,0,0,0,0,0,0,0,3n,0,0,0
NAME prem_ea
EXT 3,9 1m 10,14
EXT 12,9 1o 11,10
PAL 3

ROOM 1o
0,0,0,0,0,0,41,45,40,0,0,3m,0,0,0,0
0,0,0,0,0,0,41,0,3z,0,0,3n,0,0,0,0
0,0,0,0,0,0,41,0,3z,0,0,3l,0,0,0,0
0,0,0,0,0,0,46,0,3z,0,0,3m,0,0,0,0
42,42,42,42,42,42,40,0,3z,0,0,3n,0,0,0,0
0,0,0,0,0,0,3z,0,3z,0,0,3l,0,0,0,0
0,0,0,0,0,0,3z,0,3z,0,0,3m,0,0,0,0
0,0,0,0,0,1d,3y,1d,3y,1d,1d,3n,0,0,0,0
0,0,0,0,d,0,0,0,0,0,0,3l,e,0,0,0
0,0,0,0,d,g,g,g,g,g,g,3m,e,0,0,0
0,0,0,0,d,0,0,0,0,0,0,3n,e,0,0,0
0,0,0,0,0,f,f,f,f,f,f,f,0,0,0,0
0,0,0,0,0,0,0,0,0,0,0,0,0,0,0,0
0,0,0,0,0,0,0,0,0,0,0,0,0,0,0,0
0,0,0,0,0,0,0,0,0,0,0,0,0,0,0,0
0,0,0,0,0,0,0,0,0,0,0,0,0,0,0,0
NAME prem_eb
EXT 11,10 1n 12,9
EXT 7,10 1p 7,10
PAL 3

ROOM 1p
0,0,0,0,0,0,41,45,40,0,0,3m,0,0,0,0
0,0,0,0,0,0,41,0,3z,0,0,3n,0,0,0,0
0,0,0,0,0,0,41,0,3z,0,0,3l,0,0,0,0
0,0,0,0,0,0,46,0,3z,0,0,3m,0,0,0,0
42,42,42,42,42,42,40,0,3z,0,0,3n,0,0,0,0
0,0,0,0,0,0,3z,0,3z,0,0,3l,0,0,0,0
0,0,0,0,0,0,3z,0,3z,0,0,3m,0,0,0,0
0,0,0,0,0,1d,3y,1d,3y,1d,1d,3n,0,0,0,0
0,0,0,0,d,0,0,0,0,0,0,3l,e,0,0,0
0,0,0,0,d,g,g,g,g,g,g,3m,e,0,0,0
0,0,0,0,d,0,0,0,0,0,0,3n,e,0,0,0
0,0,0,0,0,f,f,f,f,f,f,f,0,0,0,0
0,0,0,0,0,0,0,0,0,0,0,0,0,0,0,0
0,0,0,0,0,0,0,0,0,0,0,0,0,0,0,0
0,0,0,0,0,0,0,0,0,0,0,0,0,0,0,0
0,0,0,0,0,0,0,0,0,0,0,0,0,0,0,0
NAME prem_ec
EXT 11,10 1q 12,9
PAL 3

ROOM 1q
0,0,0,0,0,0,0,0,0,0,0,0,0,0,0,0
0,0,0,0,0,0,0,0,0,0,0,0,0,0,0,0
0,0,0,0,0,0,0,0,0,0,0,0,0,0,0,0
0,0,0,0,0,0,0,0,0,0,0,0,0,0,0,0
0,0,0,0,0,0,0,0,0,0,0,0,0,0,0,0
0,0,0,0,0,0,0,0,0,0,0,0,0,0,0,0
0,g,a,b,z,z,b,c,a,b,b,b,b,c,g,0
0,g,e,0,y,y,g,g,g,g,0,0,0,d,g,0
0,g,e,s,1w,1v,g,g,g,g,g,g,s,d,g,0
0,g,e,h,1u,1t,4j,4k,4l,4m,0,0,3k,d,g,0
0,0,f,f,f,f,f,f,f,f,f,f,3l,f,0,0
0,0,0,0,0,0,0,0,0,0,0,0,3m,0,0,0
0,0,0,0,0,0,0,0,0,0,0,0,3n,0,0,0
0,0,0,0,0,0,0,0,0,0,0,0,3l,0,0,0
0,0,0,0,0,0,0,0,0,0,0,0,3m,0,0,0
0,0,0,0,0,0,0,0,0,0,0,0,3n,0,0,0
NAME prem_ed
EXT 3,9 1r 10,14
EXT 12,9 1p 11,10
PAL 3

ROOM 1r
0,0,0,0,0,0,0,0,0,0,0,0,0,0,0,0
0,0,0,0,0,0,0,0,0,0,0,0,0,0,0,0
0,0,0,0,0,0,0,0,0,0,0,0,0,0,0,0
0,0,0,0,0,0,0,0,0,0,0,0,0,0,0,0
0,0,0,0,0,0,0,0,0,0,0,0,0,0,0,0
0,0,0,0,0,0,0,0,0,0,0,0,0,0,0,0
0,0,0,0,0,0,0,0,0,0,0,0,0,0,0,0
0,0,0,0,0,0,0,0,0,0,a,b,b,4f,4g,4h
0,0,0,0,0,0,0,0,0,0,e,12,0,12,0,12
0,0,0,0,0,0,0,0,0,0,e,2w,0,0,0,2w
0,0,0,0,0,0,0,0,0,0,z,z,z,z,b,z
0,0,4e,0,0,4e,0,0,0,0,4i,i,i,i,0,i
4e,4e,18,4e,4e,18,0,0,0,0,0,y,y,j,h,j
17,17,17,17,17,17,4c,b,b,4f,4c,g,1k,1j,1i,b
1z,20,0,1x,0,0,1z,1y,1y,20,1k,1j,1i,1l,v,1y
f,f,f,f,f,f,f,f,f,f,f,f,f,f,f,f
NAME walk_fe
EXT 0,14 1s 15,14
EXT 11,14 1q 3,9
PAL 3

ROOM 1s
0,0,0,0,0,0,0,0,0,0,0,0,0,0,0,0
0,0,0,0,0,0,0,0,0,0,0,0,0,0,0,0
0,0,0,0,0,0,0,0,0,0,0,0,0,0,0,0
0,0,0,0,0,0,0,0,0,0,0,0,0,0,0,0
0,0,0,0,0,0,0,0,0,0,0,0,0,0,0,0
0,0,0,0,0,0,0,0,0,0,0,0,0,0,0,0
0,0,0,0,0,0,0,0,0,0,0,0,0,0,0,0
0,0,0,0,0,0,0,0,0,0,0,0,0,0,0,0
0,0,0,0,0,0,0,0,0,0,0,0,0,0,0,0
0,0,0,0,0,0,0,0,0,0,0,0,0,0,0,0
0,0,0,0,0,0,0,0,0,0,0,0,0,0,0,0
0,0,0,0,0,0,0,0,0,0,0,0,0,0,0,0
0,0,0,0,4b,4d,4d,4d,4c,0,0,0,4e,4e,4e,4e
19,19,19,19,19,19,19,19,19,19,19,19,17,17,17,17
0,0,0,0,0,0,0,0,0,0,0,0,0,0,0,0
f,f,f,f,f,f,f,f,f,f,f,f,f,f,f,f
NAME walk_fd
EXT 15,14 1r 0,14
EXT 0,14 1t 15,14
PAL 3

ROOM 1t
0,0,0,0,0,0,0,0,0,0,0,0,0,0,0,0
0,0,0,0,0,0,0,0,0,0,0,0,0,0,0,0
0,0,0,0,0,0,0,0,0,0,0,0,0,0,0,0
0,0,0,0,0,0,0,0,0,0,0,0,0,0,0,0
0,0,0,0,0,0,0,0,0,0,0,0,0,0,0,0
0,0,0,0,0,0,0,0,0,0,0,0,0,0,0,0
0,0,0,0,0,0,0,0,0,0,0,0,0,0,0,0
0,0,0,0,0,0,0,0,0,0,0,0,0,0,0,0
0,0,0,0,0,0,0,0,0,0,0,0,0,0,0,0
0,0,0,0,0,0,0,0,0,0,0,0,0,0,0,0
0,0,0,0,0,0,0,0,0,0,0,0,0,0,0,0
0,0,0,0,0,0,0,0,0,0,0,0,0,0,0,0
0,0,0,0,0,0,0,0,0,0,0,0,0,0,0,0
19,19,19,19,19,19,4q,4p,19,19,19,19,19,19,19,19
0,0,0,0,0,0,0,4o,4n,0,0,0,0,0,0,0
f,f,f,f,f,f,f,f,f,f,f,f,f,f,f,f
NAME walk_fc
EXT 0,14 1u 15,14
EXT 15,14 1s 0,14
PAL 3

ROOM 1u
0,0,0,0,0,0,0,0,0,0,0,0,0,0,0,0
0,0,0,0,0,0,0,0,0,0,0,0,0,0,0,0
0,0,0,0,0,0,0,0,0,0,0,0,0,0,0,0
0,0,0,0,0,0,0,0,0,0,0,0,0,0,0,0
0,0,0,0,0,0,0,0,0,0,0,0,0,0,0,0
0,0,0,0,0,0,0,0,0,0,0,0,0,0,0,0
0,0,0,0,0,0,0,0,0,0,0,0,0,0,0,0
0,0,0,0,0,0,0,0,0,0,0,0,0,0,0,0
0,0,0,0,0,0,0,0,0,0,0,0,0,0,0,0
0,0,0,0,0,0,0,0,0,0,0,0,0,0,0,0
0,0,0,0,0,0,0,0,0,0,0,0,0,0,0,0
0,0,0,0,0,0,0,0,0,0,0,0,0,0,0,0
4e,4e,4e,4e,e,0,0,0,4b,4d,4c,0,0,0,0,0
17,17,17,17,e,19,19,19,19,19,19,19,19,19,19,19
0,0,0,0,0,0,0,0,0,0,0,0,0,0,0,0
f,f,f,f,f,f,f,f,f,f,f,f,f,f,f,f
NAME walk_fb
EXT 15,14 1t 0,14
EXT 0,14 1v 15,14
PAL 3

ROOM 1v
0,0,0,0,0,0,0,0,0,0,0,0,0,0,0,0
0,0,0,0,0,0,0,0,0,0,0,0,0,0,0,0
0,0,0,0,0,0,0,0,0,0,0,0,0,0,0,0
0,0,0,0,0,0,0,0,0,0,0,0,0,0,0,0
0,0,0,0,0,0,0,0,0,0,0,0,0,0,0,0
0,0,0,0,0,0,0,0,0,0,0,0,0,0,0,0
0,0,0,0,0,0,0,0,0,0,0,0,0,0,0,0
0,0,0,0,0,0,0,0,0,0,0,0,0,0,0,0
4c,4d,4b,0,0,0,0,0,0,0,0,0,0,0,0,0
e,z,z,4f,0,0,0,0,0,0,0,0,0,0,0,0
e,i,i,14,4f,4h,4f,0,0,0,0,0,0,0,0,0
e,i,i,b,4r,0,d,4g,4d,0,4e,0,4e,0,0,0
e,i,i,14,i,4r,d,0,0,4f,18,4e,18,18,0,4e
e,y,y,b,y,y,d,14,14,d,17,17,17,17,17,17
10,10,10,11,10,10,10,13,13,13,1y,1y,20,0,1x,0
f,f,f,f,f,f,f,f,f,f,f,f,f,f,f,f
NAME walk_fa
EXT 15,14 1u 0,14
EXT 3,14 1w 11,9
PAL 3

ROOM 1w
0,0,0,0,0,0,0,0,0,0,0,0,0,0,0,0
0,0,0,0,0,0,0,0,0,0,0,0,0,0,0,0
0,0,0,0,0,0,0,0,0,0,0,0,0,0,0,0
0,0,0,0,0,0,0,0,0,0,0,0,0,0,0,0
0,0,0,0,0,0,0,0,0,0,0,0,0,0,0,0
0,0,0,0,0,0,0,0,0,0,0,0,0,0,0,0
0,g,x,b,b,j,b,b,b,b,b,j,b,c,g,0
0,g,w,0,0,i,0,p,q,0,0,i,0,d,g,0
0,g,v,g,g,s,g,n,o,g,g,y,0,d,g,0
0,g,e,3k,0,0,k,l,m,k,0,h,g,r,g,0
0,0,f,3l,f,f,f,f,f,f,f,f,f,f,0,0
0,0,0,3m,0,0,0,0,0,0,0,0,0,0,0,0
0,0,0,3n,0,0,0,0,0,0,0,0,0,0,0,0
0,0,0,3l,0,0,0,0,0,0,0,0,0,0,0,0
0,0,0,3m,0,0,0,0,0,0,0,0,0,0,0,0
0,0,0,3n,0,0,0,0,0,0,0,0,0,0,0,0
NAME pres_fa
EXT 11,9 1v 3,14
EXT 3,9 1x 3,14
PAL 3

ROOM 1x
0,0,0,3l,0,0,0,0,0,41,0,0,0,41,0,0
0,0,0,3m,0,0,0,0,0,41,0,0,0,41,0,0
0,0,0,3n,0,0,0,0,0,46,0,0,43,44,0,0
0,0,0,3l,0,0,0,0,0,41,0,0,41,0,0,0
0,0,0,3m,0,0,0,0,0,41,0,0,41,0,0,0
0,0,0,3n,0,0,0,0,0,45,42,42,40,0,0,0
0,0,0,3l,0,0,0,0,0,0,0,0,3z,0,0,0
0,0,0,3m,0,0,0,0,0,0,0,0,3z,0,0,0
0,0,0,3n,0,0,0,0,0,0,0,0,3z,0,0,0
0,0,0,3l,0,0,0,1d,1d,1d,1d,1d,3y,1d,0,0
0,0,0,3m,0,0,d,0,0,3t,3t,3t,0,0,1m,0
0,0,0,3n,0,0,d,0,3r,3q,3s,3q,3p,0,e,0
0,0,0,3l,0,0,d,0,0,0,0,0,0,0,e,0
0,0,0,3m,1d,1d,3o,3x,3u,3w,3w,3w,3u,3x,e,0
0,0,g,3n,0,0,0,0,0,0,0,0,0,3v,e,0
0,0,0,f,f,f,f,f,f,f,f,f,f,f,0,0
NAME pres_fb
EXT 3,14 1w 3,9
EXT 9,14 1y 0,0
PAL 3

ROOM 1y
0,g,0,0,0,0,0,0,0,0,0,0,0,0,0,0
g,g,0,0,64,66,65,0,0,0,0,0,0,0,0,0
0,0,0,0,65,67,68,0,0,0,0,0,0,0,0,0
0,0,0,0,0,0,0,0,0,0,0,0,0,0,0,0
0,0,0,0,0,0,0,0,5w,0,5n,5j,5m,0,5x,0
0,0,0,0,0,0,0,0,5y,0,5o,5i,5k,0,5z,0
0,0,0,0,0,0,0,0,61,62,5p,5h,5l,63,60,0
0,0,0,0,0,0,0,0,0,62,5r,5q,5s,63,0,0
0,0,0,0,0,0,0,0,0,0,5t,5v,5u,0,0,0
0,0,0,4t,4s,4s,4s,4s,4s,4s,4v,0,0,0,0,0
0,0,0,4u,56,57,58,4s,4s,4s,4w,0,0,0,0,0
0,0,4t,4s,59,5a,5b,5c,4s,4v,0,0,0,0,0,0
0,0,4u,4s,5f,4s,4s,4s,4s,4w,0,0,0,0,0,0
0,0,4s,5e,5d,4s,5g,4s,4s,0,0,0,0,0,0,0
0,52,4z,4x,4y,4s,4s,4s,4s,0,0,0,0,0,0,0
4t,4s,53,54,55,50,4z,4z,4z,51,0,0,0,0,0,0
NAME end
PAL 5

TIL 10
00000000
11111111
00000000
11111111
11111111
11111111
11111111
11111111

TIL 11
00000000
10000001
00111100
10111101
10111101
10110101
10111101
10111101

TIL 12
00000000
00000000
11111111
01000010
01000010
00000000
11111111
00000000
WAL true

TIL 13
00000000
00000000
11111111
00000000
11111111
11111111
11111111
11111111

TIL 14
01111110
01000010
01000010
01000010
01111110
01111110
01111110
01111110
WAL true

TIL 15
00010000
00010000
00010000
00010000
00010000
00010000
00010000
00010000

TIL 16
00010000
00011000
00011000
00011110
00010100
00010000
00010000
00010000
>
00010000
00011111
00011110
00011000
00010000
00010000
00010000
00010000

TIL 17
10101010
10101010
00000000
11111111
11111111
00000000
11111111
00000000
WAL true

TIL 18
10101010
10101010
10101010
11111111
10101010
10101010
10101010
10101010

TIL 19
00000000
00000000
00000000
00100010
10001000
00000000
00000000
00000000
WAL true

TIL 20
00000000
00000000
00000000
11011000
00100100
01100110
10011001
11111111

TIL 21
01000100
10101010
10011001
10011001
01010101
00100010
01010101
10001000
WAL true

TIL 22
00001111
00111111
00000000
00001000
00111111
00101010
00111111
00000000

TIL 23
11100000
11111000
00000000
00100000
11111000
10101000
11111000
00000000

TIL 24
00000000
00001000
00001000
00001000
00011111
00010000
00010000
00010000

TIL 25
00000000
00100000
00100000
00100000
11110000
00010000
00010000
00010000

TIL 26
00000000
00000000
00000000
10000000
11000000
11100000
10100000
10000000
>
00000000
00000000
00000000
11110000
11100000
10000000
10000000
10000000

TIL 27
00000000
00000000
00011111
00000111
01111111
00001111
00000000
00000000

TIL 28
00000000
11100000
11111110
11111000
11111100
11100000
00000000
00000000

TIL 29
00000000
11111111
11111111
11111111
11111111
11111111
00000000
00000000

TIL 30
01010101
10101010
01010101
11101011
01111110
00000000
00000000
00000000

TIL 31
00000000
00000100
00001110
11110100
11111000
11110000
10000000
11000000
>
00000000
11101010
00000100
11101010
11111000
11110000
10000000
11000000

TIL 32
00000000
00000001
00000001
00011111
00000111
01111111
01111010
00000111
>
00000000
00001111
00000001
00011111
00000111
01111111
01111010
00000111

TIL 33
00000000
00000000
01100000
01110000
00101011
10011101
00001110
10010110

TIL 34
00000000
00000000
00000000
00000011
01001111
01100010
01010101
01110010

TIL 35
01011000
10000011
01001110
11100000
01110010
00000100
00000010
00000100

TIL 36
11101001
00101010
11101001
00000000
01110100
00010100
01100100
00010100

TIL 37
11110110
11110000
11111111
00000000
10100101
10011001
01000000
00111111

TIL 38
00000000
00001000
00001000
00000000
00011110
00000000
00111111
01110000
WAL true

TIL 39
11111111
11111111
11111111
00000000
10011001
10011001
00000000
11111111

TIL 40
00001100
00001100
00001100
11001100
11101100
01101100
01101100
01101100

TIL 41
00001100
00001100
00001100
00001100
00001100
00001100
00001100
00001100

TIL 42
00000000
00000000
00000000
11111111
11111111
00000000
00000000
00000000

TIL 43
00000000
00000000
00000111
00001111
00001100
00001100
00001100
00001100

TIL 44
00001100
00001100
11111100
11111000
00000000
00000000
00000000
00000000

TIL 45
00001100
00001100
00001100
00001111
00000111
00000000
00000000
00000000

TIL 46
00001100
00000000
00001100
00010010
00010010
00001100
00000000
00001100

TIL 47
00000000
00000000
00000000
00000000
00000000
11111110
11111111
01111111

TIL 48
00000000
00000000
00000000
00011000
00011000
11111110
11111111
01111111

TIL 49
00011000
00011000
00011000
00011000
00111100
11111110
11111111
01111111

TIL 50
11000000
00011111
01111111
01111111
01111111
00111111
10001111
11100000

TIL 51
00000000
10000000
11100000
11111000
11111100
11111100
11111100
11111100

TIL 52
00000000
00011111
00111111
01111111
11111111
11111111
11111111
11111111

TIL 53
11111111
11111111
10000111
11110000
11111100
11100000
11100000
10000000

TIL 54
11111111
11111111
11111111
00011111
00000000
00000000
00000000
00000000

TIL 55
11110011
11111011
11111011
11110111
00000001
00000000
00000000
00000000

TIL 56
11001110
10010101
10110101
01100101
00001110
11111111
11111111
11111111

TIL 57
01110101
10110101
10111011
10111011
01111011
11111111
11111111
11111111

TIL 58
10001110
01100110
01100110
01010110
10011001
11111111
11111111
11111111

TIL 59
10111010
10111010
00110010
01110100
00010101
11111111
11111111
11111111

TIL 60
10000100
10000100
00000100
00000100
00001100
00001000
00111000
11100000

TIL 61
00100001
00100001
00100000
00100000
00110000
00010000
00001100
00000011

TIL 62
00000000
11000000
00111000
00001110
00000011
00000000
00000000
00000000

TIL 63
00000000
00000111
00011100
01100000
11000000
00000000
00000000
00000000

TIL 64
00000000
01111100
00010000
00010000
00010000
00010000
00010000
00000000

TIL 65
00000000
01111100
01000000
01110000
01000000
01000000
01111100
00000000

TIL 66
00000000
01000100
01000100
01111100
01000100
01000100
01000100
00000000

TIL 67
00000000
01000100
01100100
01010100
01010100
01001100
01000100
00000000

TIL 68
00000000
01110000
01001000
01000100
01000100
01001000
01110000
00000000

TIL a
11111111
10000000
10000000
10000000
10000000
10000000
10000000
10000000
WAL true

TIL b
11111111
00000000
00000000
00000000
00000000
00000000
00000000
00000000
WAL true

TIL c
11111111
00000001
00000001
00000001
00000001
00000001
00000001
00000001
WAL true

TIL d
00000001
00000001
00000001
00000001
00000001
00000001
00000001
00000001
WAL true

TIL e
10000000
10000000
10000000
10000000
10000000
10000000
10000000
10000000
WAL true

TIL f
11111111
01010101
10101010
00000000
00000000
00000000
00000000
00000000
WAL true

TIL g
00000000
00000000
00000000
00000000
00000000
00000000
00000000
00000000
WAL true

TIL h
00000000
01111110
01000010
01000010
01000010
01001010
01000010
01000010

TIL i
01011010
01011010
01011010
01011010
01011010
01011010
01011010
01011010
WAL true

TIL j
11111111
01011010
01011010
01011010
01011010
01011010
01011010
01011010
WAL true

TIL k
00000000
00000000
00111100
01111110
00111100
11000011
11011011
01011010

TIL l
01000000
01011111
01000000
01011010
01000000
01011111
01011111
01000000

TIL m
00001000
11101000
00001000
11001000
00001000
11101000
11101000
00001000

TIL n
01000000
01011111
01000000
01000111
01000000
01011111
01000000
01001100
WAL true

TIL o
00001000
11101000
00001000
11001000
00001000
11101000
00001000
01101000
WAL true

TIL p
00000111
00011111
00111111
01111111
01000000
01011111
01000000
01011101

TIL q
10000000
11100000
11110000
11111000
00001000
11101000
00001000
01101000

TIL r
00000001
00000001
00011101
00011101
00000101
00111101
00100101
00100101
WAL true

TIL s
00000000
01111110
01000010
01001010
01011010
01000010
01111110
00000000
WAL true

TIL t
00000000
00000000
00000000
00000000
11111110
01110110
01110110
01110110
WAL true

TIL u
00000000
01111100
01111100
00000000
00111111
00111111
00111111
00111111
WAL true

TIL v
11100011
11111111
11100011
11100011
11111111
11100011
11100011
11111111
WAL true

TIL w
11100011
11100011
11111111
11100011
11100011
11111111
11100011
11100011
WAL true

TIL x
11111111
11100011
11100011
11111111
11100011
11100011
11100011
11111111
WAL true

TIL y
01011010
01011010
01011010
01011010
01000010
00011000
01111110
11111111
WAL true

TIL z
11111111
01111110
00011000
01000010
01011010
01011010
01011010
01011010
WAL true

TIL 1a
10000001
10000001
10000001
10000001
10000001
10000001
10000001
11111111
WAL true

TIL 1b
11111111
10000001
11111111
10000001
10000001
10000001
10000001
10000001
WAL true

TIL 1c
10100010
01100110
00100010
00010010
00001010
00000110
00000010
00000001
WAL false

TIL 1d
00000000
00000000
00000000
00000000
00000000
00000000
00000000
11111111
WAL true

TIL 1e
10000000
11000000
10100000
10010000
10001000
10000100
10000010
10000001
WAL true

TIL 1f
10000000
10100000
10110000
10101000
10100100
10100010
10100010
10100010
WAL true

TIL 1g
10101010
01101010
00101010
00011111
00001010
00000110
00000010
00000001
WAL true

TIL 1h
00000000
11111111
01011010
11111111
01011010
01011010
01011010
01011010
WAL false

TIL 1i
11101111
00001100
11110001
11001111
00011111
11111111
11111111
11111111
WAL true

TIL 1j
00001111
00000000
11111110
00000000
11101111
00001100
11110001
11001111

TIL 1k
00000000
00000000
00000000
00000000
00001111
00000000
11111110
00000000

TIL 1l
00011111
11111111
11111111
11111111
11111111
11111111
11111111
11111111
WAL true

TIL 1m
10000000
10000000
10000000
10000000
10000000
10000000
10000000
10000000

TIL 1n
00000001
01111101
01111101
00000001
11111001
11111001
11111001
11111001
WAL true

TIL 1o
00000000
00000000
00000000
00000000
01111111
01101110
01101110
01101110
WAL true

TIL 1p
00000000
00000000
01001010
11111110
00000000
11011100
00000000
11111000
WAL true

TIL 1q
00000000
00000000
00100010
11111111
00000000
11011101
00000000
11111111
WAL true

TIL 1r
00000000
00000000
01000100
11111111
00000000
10111011
00000000
11111111
WAL true

TIL 1s
00000000
00000000
01010010
01111111
00000000
00111011
00000000
00011111
WAL true

TIL 1t
00000010
01111010
01001010
01011010
01101010
01001010
01111010
00000010

TIL 1u
01000000
01011110
01010010
01011010
01010110
01010010
01011110
01000000

TIL 1v
11111111
00000010
01111010
01001010
01011010
01101010
01001010
01111010
WAL true

TIL 1w
11111111
01000000
01011110
01010010
01011010
01010110
01010010
01011110
WAL true

TIL 1x
00000000
00000000
00000000
00011000
00100100
01100110
10011001
11111111

TIL 1y
00000000
01100110
10011001
10011001
01100110
01100110
10011001
11111111

TIL 1z
00000000
00000000
00000000
00011011
00100100
01100110
10011001
11111111

TIL 2a
01110000
01011000
01111000
00001111
00000001
00111100
01100110
00011010

TIL 2b
01100000
10100110
01001110
00010100
10111000
01110011
11100101
11010010

TIL 2c
00110000
10000110
10001000
11111000
00000000
11000000
10000000
00000000

TIL 2d
00101110
10011100
11001010
10000110
00100001
10100001
01111100
10000100

TIL 2e
00000000
00000000
00000000
00000000
00000000
00000001
00000010
00110111

TIL 2f
00000000
00000000
00000000
00000000
11000000
11000000
10000000
00000000

TIL 2g
00000000
00000000
00000001
00000101
00001011
00000100
00011100
00111010

TIL 2h
00011000
00011000
11111111
10000111
00110010
01001011
01001000
00110000

TIL 2i
00000000
00000000
00000000
10000000
10000000
10000000
11110000
11111000

TIL 2j
00000000
00000000
00000000
11100000
00100000
00100000
00101111
00101111

TIL 2k
00100101
00100101
11101101
00101101
11101111
11100000
00000000
00000000

TIL 2l
10000000
10000000
11111111
10000000
11111111
10010011
10010010
11101100

TIL 2m
10000000
10000000
10000000
11111111
10000000
10000000
10000000
10000000

TIL 2n
11110111
11111011
11110101
11101110
01011110
10111101
11011011
11100110

TIL 2o
11000001
10000011
00111111
00000111
00111000
00001110
00010100
00011100

TIL 2p
11000000
10000000
00000100
01110110
00000110
01110110
00000110
00111110

TIL 2q
11111110
10000010
10101010
10000010
11111110
00000001
01111010
00001000

TIL 2r
00011010
00100010
01000010
00011010
00100010
01000010
00011010
00100010

TIL 2s
00000000
00011100
00001100
00010100
00101000
01100000
11111111
10010000

TIL 2t
00000111
00000011
00000001
00000000
00000000
00000000
00000000
00000000

TIL 2u
00000000
00000000
00000000
00000000
00000000
10000000
11000000
11100000

TIL 2v
11100000
11111000
11111100
01111110
01111101
00111011
00010111
00001111

TIL 2w
10000010
10101010
10110010
10101010
10101010
10000010
11000110
11111111

TIL 2x
00000000
00000000
00000000
10000111
01111000
00000000
00000000
00000000

TIL 2y
00000000
00000000
00000000
10000111
01111101
10101010
01010101
10101010

TIL 2z
01010101
10101010
01010101
10101010
01010101
10101010
01010101
10101010

TIL 3a
11111111
10011001
11111111
00000000
10100101
10011001
00000010
11111100

TIL 3b
00000000
00000000
00000110
11110110
11110110
00000000
11110000
11111111
WAL true

TIL 3c
00100000
00000000
01111111
11100001
11111111
00000000
11111111
11111111
WAL true

TIL 3d
00000000
00000000
11100000
11101111
11101111
00000000
11111111
11111111
WAL true

TIL 3e
00000000
10000000
10000000
11111000
11100000
11111110
01011110
11100000
>
00000000
11110000
10000000
11111000
11100000
11111110
01011110
11100000

TIL 3f
00000000
00100000
01110000
00101111
00011111
00001111
00000001
00000011
>
00000000
01010111
00100000
01010111
00011111
00001111
00000001
00000011

TIL 3g
00000000
00000100
11101011
00001000
11101011
00001000
11101011
00000100

TIL 3h
01111110
11111000
11110111
11100000
11101111
11100000
11110111
01110000

TIL 3i
10101111
11111001
10001001
10001001
10001001
10001111
11111010
10101010

TIL 3j
10101110
10110010
10100001
11000001
11000010
10100110
10111010
10101010

TIL 3k
00111100
01000010
10011001
10110101
10101101
10011001
01000010
10111101

TIL 3l
11000011
10111101
10000001
11000011
10111101
10000001
11000011
10111101
WAL true

TIL 3m
10000001
11000011
10111101
10000001
11000011
10111101
10000001
11000011
WAL true

TIL 3n
10111101
10000001
11000011
10111101
10000001
11000011
10111101
10000001
WAL false

TIL 3o
00000001
00000001
00000001
00000001
00000001
00000001
00000001
11111110
WAL true

TIL 3p
00000000
11000000
00111100
00000110
00000010
00011100
11100000
00000000

TIL 3q
00011000
11111111
00000000
00000000
00000000
00000000
11111111
00000000

TIL 3r
00000000
00000011
00111100
01100000
01000000
00111000
00000111
00000000

TIL 3s
11111111
00000000
00000000
00000000
00000000
00000000
00000000
11111111

TIL 3t
01011010
00111100
00011000
00011000
00011000
00011000
00011000
00011000

TIL 3u
00000000
11111111
00000000
01111110
01111110
00000000
11111111
00000000
WAL true

TIL 3v
00000000
00000000
00000000
01111111
10000011
11111111
10000011
10000011

TIL 3w
00000000
00000000
11111111
00000000
00111100
00000000
11111111
00000000
WAL true

TIL 3x
11111111
00000000
11111111
11111111
11111111
00000000
11111111
00000000
WAL true

TIL 3y
01101100
01101100
01101100
01101100
01101100
01101100
01101100
11111111

TIL 3z
01101100
01101100
01101100
01101100
01101100
01101100
01101100
01101100

TIL 4a
00011000
00011000
00011000
00011000
00111100
00010000
00001000
00010000
>
00011000
00011000
00011000
00011000
00111100
00001000
00010000
00001000

TIL 4b
00000000
00000000
00000000
00000010
10000110
11111111
10101001
11111111
WAL true

TIL 4c
00000000
00000011
00000111
00010101
01101101
11011001
11100001
11111111
WAL true

TIL 4d
00000000
00000000
00000000
00011000
10111110
01101011
10000110
11111111
WAL true

TIL 4e
00000000
00000000
00000000
00000000
01000000
00100000
10100010
10101010
WAL true

TIL 4f
10000000
11000000
10100000
01011100
01110011
00001000
00001111
00000001
WAL true

TIL 4g
00000000
00000110
00000101
00011110
11110011
00000011
11101110
00110000

TIL 4h
00000000
00000011
00000011
11011100
00111011
10001111
11111110
00000000

TIL 4i
01011010
01011010
01011010
00011010
00000000
00000000
00000000
00000000

TIL 4j
00100000
10000000
11100000
01000100
11010100
10011000
11000011
00111111

TIL 4k
00000000
00000000
01000000
10000100
00010001
01010010
11111111
00011111

TIL 4l
00000000
00000000
00000000
00000000
00001000
01000000
10111110
11100101

TIL 4m
00000000
00000000
00000000
00000000
00000000
00000000
00010000
11001010

TIL 4n
10000000
11000000
11100000
00110000
00011100
00101110
11010011
11111111

TIL 4o
11110110
11011110
01001111
01000101
01100111
00111011
00001111
00000111

TIL 4p
10000000
11100000
11110000
01111000
10111000
11011100
01001110
10111011
WAL true

TIL 4q
01000000
11111011
11101111
10111111
10001100
01110011
00010001
00011110
WAL true

TIL 4r
00000000
00000000
00011100
00100010
00011010
01011010
01011010
01011010

TIL 4s
11111111
11111111
11111111
11111111
11111111
11111111
11111111
11111111

TIL 4t
00000001
00000001
00000011
00000011
00000111
00000111
00001111
00001111

TIL 4u
00011111
00011111
00111111
00111111
01111111
01111111
11111111
11111111

TIL 4v
11111111
11111111
11111110
11111110
11111100
11111100
11111000
11111000

TIL 4w
11110000
11110000
11100000
11100000
11000000
11000000
10000000
10000000

TIL 4x
11111111
00000001
11111100
11111110
11111111
11111111
11111111
11111111

TIL 4y
11000111
11111111
01111111
11101111
01111111
10011111
11101111
11101111

TIL 4z
00000000
11111111
11111111
11111111
11111111
11111111
11111111
11111111

TIL 5a
10110001
10100111
01100011
10101111
10100011
11111111
11111111
11111111

TIL 5b
11101011
11001011
10000010
10101010
01110110
11111111
11111111
11111111

TIL 5c
00010001
01110100
00111100
11111001
01111111
11110111
11111111
11111111

TIL 5d
11111110
10111010
10111010
11000110
11101110
11101101
01101101
10111011

TIL 5e
11111110
11111110
11111110
11111110
11111110
11111110
11111111
11111111

TIL 5f
11111111
11111111
11111111
11111111
11111111
10000011
00111001
01111100

TIL 5g
11101110
11001101
11010101
10010001
10110011
10111011
10111011
11111111

TIL 5h
11011101
00000000
01111110
10111101
11000011
01111110
00111100
00000000

TIL 5i
01111110
11111111
00011100
11100111
00001000
10101101
01101110
00011100

TIL 5j
00000000
01111111
11110011
11111111
00100111
11011111
11111111
10000001

TIL 5k
01100000
10110000
11010000
10100000
01000000
01000000
11000000
11000000

TIL 5l
01000000
01000000
10000000
10000000
10000000
00111000
01111000
01110111

TIL 5m
00000000
11100000
00010000
11010000
10001100
11101000
10011100
00010000

TIL 5n
00000000
00000000
00000011
00001011
00010110
00001110
00011110
00011000

TIL 5o
00000000
00000101
00000101
00000110
00000011
00000111
00000101
00000011

TIL 5p
00000011
00000011
00000011
00000011
00000001
00011101
00011111
11101111

TIL 5q
00111100
00011000
00011000
10000001
10011001
10111101
10111101
10011001

TIL 5r
00000001
00000010
00001100
00011000
00011100
00000110
00001100
00010000

TIL 5s
11000000
01100000
00110000
00010000
11100000
11100000
00010000
00001000

TIL 5t
00100000
00100000
00110000
00010000
00011000
00001000
00001100
00000110

TIL 5u
00000100
00000100
00000100
00001000
00011000
00010000
00110000
01100000

TIL 5v
10011001
10011001
10011001
10011001
10011001
10011010
11000010
01100100

TIL 5w
00011000
00111100
01111100
01111110
01100010
01110110
01111110
00111100

TIL 5x
00011000
00111100
00111110
01111110
01000110
01101110
01111110
00111100

TIL 5y
01000010
01000010
01000010
01000010
01100011
00100001
00100001
00100001

TIL 5z
01000010
01000010
01000010
01000010
11000110
10000100
10000100
10000100

SPR 10
00000000
00000000
00000000
00110000
00110000
01011000
10111000
01111000
POS u 8,13

SPR 11
00000000
00000000
00000000
00110000
00110000
01011000
10111000
01111000
POS u 12,5

SPR 12
00000000
00000000
00000000
00110000
00110000
01011000
10111000
01111000
POS u 15,5

SPR 13
00000000
00000000
00000000
00000000
00001000
00011111
00000000
00000011
POS u 14,5

SPR 14
00000000
00000000
00000000
00000000
00001000
00011111
00000000
00000011
POS u 11,5

SPR 15
00000000
00000000
00000000
00000000
00001000
00011111
00000000
00000011
POS u 7,13

SPR 16
00000000
00000000
00000110
00110110
11111111
00011111
00000111
00000111
POS v 5,8

SPR 17
00000000
00000000
00000110
00110110
11111111
00011111
00000111
00000111
POS v 7,8

SPR 18
00000000
00000000
00000000
00110000
00110000
01011000
10111000
01111000
POS v 10,11

SPR 19
00000000
00000000
00000000
00110000
00110000
01011000
10111000
01111000
POS v 2,11

SPR A
00011000
00011000
00111100
00111100
00111111
00111100
00100100
00000100
>
00011000
00011000
00111100
00111110
00111111
00111100
00100100
00100000
POS 0 11,9

SPR a
00000000
00000000
00000000
00000000
00000000
00000000
00000000
00000000
DLG SPR_0
POS 0 12,9

SPR b
00001100
00001100
00011000
00111100
00111110
00111100
00111100
00100100
>
00011000
00011000
00111000
00111110
00111100
00111100
00111100
00100100
POS 0 5,9

SPR c
00001100
00001100
00011000
00111100
00111110
00111100
00111100
00100100
>
00011000
00011000
00111000
00111110
00111100
00111100
00111100
00100100
DLG SPR_2
POS 1 5,9

SPR d
00001100
00001100
00011000
00111100
00111110
00111100
00111100
00100100
>
00011000
00011000
00111000
00111110
00111100
00111100
00111100
00100100
DLG SPR_1
POS 2 5,9

SPR e
00000000
00011000
00011000
00011000
00111100
01111100
01111110
01111110
>
00000000
00000000
00000000
00011000
00011000
00111100
01111101
01111111
DLG SPR_3
POS 6 7,11

SPR f
00011000
00011000
01011100
01111110
00011110
00011100
00011100
00010100
>
00011000
00011000
00011100
00011110
11111110
00011100
00011100
00010100
POS 9 11,9

SPR g
00011000
00011000
01011100
01111110
00011110
00011100
00011100
00010100
>
00011000
00011000
00011100
00011110
11111110
00011100
00011100
00010100
DLG SPR_4
POS a 11,9

SPR h
00011000
00011000
01011100
01111110
00011110
00011100
00011100
00010100
>
00011000
00011000
00011100
00011110
11111110
00011100
00011100
00010100
DLG SPR_5
POS b 11,9

SPR i
00000000
00011000
00011000
00011000
00111100
01111100
01111110
01111110
>
00000000
00000000
00000000
00011000
00011000
00111100
01111101
01111111
DLG SPR_6
POS f 7,11

SPR j
00001100
00001100
00011000
00111100
00111110
00111100
00111100
00100100
>
00011000
00011000
00111000
00111110
00111100
00111100
00111100
00100100
POS i 5,9

SPR k
00001100
00001100
00011000
00111100
00111110
00111100
00111100
00100100
>
00011000
00011000
00111000
00111110
00111100
00111100
00111100
00100100
DLG SPR_7
POS j 5,9

SPR l
00001100
00001100
00011000
00111100
00111110
00111100
00111100
00100100
>
00011000
00011000
00111000
00111110
00111100
00111100
00111100
00100100
DLG SPR_8
POS k 5,9

SPR m
01111110
01000010
01000000
01001100
01001100
01011010
01011101
01111110
POS l 8,11

SPR n
00000000
00000000
00000000
00000000
00010000
11111000
00000000
11000000
POS l 9,11

SPR o
00000000
00000000
01100000
01101100
11111111
11111000
11100000
11100000
POS l 6,6

SPR p
00011000
10011000
01111000
00111100
00111110
00111110
00111100
00100100
DLG SPR_9
POS n 5,13

SPR q
00000000
00011000
00011000
00011000
00111100
01111100
01111110
01111110
>
00000000
00000000
00000000
00011000
00011000
00111100
01111101
01111111
DLG SPR_a
POS o 7,11

SPR r
00000000
00000000
00000000
00110000
00110000
01011000
10111000
01111000
POS p 10,11

SPR s
00000000
00000000
00000000
00000000
00001000
00011111
00000000
00000011
POS p 9,11

SPR t
00000000
00000000
00000110
00110110
11111111
00011111
00000111
00000111
POS p 6,8

SPR u
00000000
00000000
00000110
00110110
11111111
00011111
00000111
00000111
POS q 12,5

SPR v
00000000
00000000
00000000
00000000
00001000
00011111
00000000
00000011
POS q 7,13

SPR w
00000000
00000000
00000000
00110000
00110000
01011000
10111000
01111000
POS q 8,13

SPR x
00011000
00011000
01011100
01111110
00011110
00011100
00011100
00010100
>
00011000
00011000
00011100
00011110
11111110
00011100
00011100
00010100
POS r 11,9

SPR y
00011000
00011000
01011100
01111110
00011110
00011100
00011100
00010100
>
00011000
00011000
00011100
00011110
11111110
00011100
00011100
00010100
DLG SPR_b
POS s 11,9

SPR z
00011000
00011000
01011100
01111110
00011110
00011100
00011100
00010100
>
00011000
00011000
00011100
00011110
11111110
00011100
00011100
00010100
DLG SPR_c
POS t 11,9

SPR 1a
00000000
00000000
00000000
00000000
00001000
00011111
00000000
00000011
POS v 1,11

SPR 1b
00000000
00000000
00000000
00000000
00001000
00011111
00000000
00000011
POS v 9,11

SPR 1c
00011000
10011000
01111000
00111100
00111110
00111110
00111100
00100100
DLG SPR_d
POS w 5,13

SPR 1d
00011000
10011000
01111000
00111100
00111110
00111110
00111100
00100100
DLG SPR_e
POS w 10,13

SPR 1e
00000000
00011000
00011000
00011000
00111100
01111100
01111110
01111110
>
00000000
00000000
00000000
00011000
00011000
00111100
01111101
01111111
DLG SPR_f
POS x 7,11

SPR 1f
00000000
00000000
00000000
00001100
00001100
00011010
00011101
00011110
POS y 11,11

SPR 1g
00000000
00000000
00000000
00000000
00010000
11111000
00000000
11000000
POS y 12,11

SPR 1h
00000000
00000000
01100000
01101100
11111111
11111000
11100000
11100000
POS y 9,9

SPR 1i
01111110
01000010
01000000
01001100
01001100
01011010
01011101
01111110
POS z 8,11

SPR 1j
00000000
00000000
00000000
00000000
00010000
11111000
00000000
11000000
POS z 9,11

SPR 1k
00000000
00000000
01100000
01101100
11111111
11111000
11100000
11100000
POS z 8,7

SPR 1l
00000000
00000000
01100000
01101100
11111111
11111000
11100000
11100000
POS z 6,6

SPR 1m
01111110
01000010
01000000
01001100
01001100
01011010
01011101
01111110
POS z 3,10

SPR 1n
01011010
01011010
01011010
01000010
00010010
11111010
00000010
11011010
POS z 4,10

SPR 1o
00001100
00001100
00011000
00111100
00111110
00111100
00111100
00100100
>
00011000
00011000
00111000
00111110
00111100
00111100
00111100
00100100
POS 11 12,14

SPR 1p
00001100
00001100
00011000
00111100
00111110
00111100
00111100
00100100
>
00011000
00011000
00111000
00111110
00111100
00111100
00111100
00100100
DLG SPR_g
POS 12 12,14

SPR 1q
00001100
00001100
00011000
00111100
00111110
00111100
00111100
00100100
>
00011000
00011000
00111000
00111110
00111100
00111100
00111100
00100100
DLG SPR_h
POS 13 12,14

SPR 1r
00000000
00000000
00000000
10011001
10011001
01111110
00111100
00111100
>
01000010
01000010
01011010
01011010
00111100
00111100
00111100
00111100
DLG SPR_i
POS 1e 7,11

SPR 1s
00011000
00011000
00011100
00011110
00011110
00011100
00011100
00010100
>
00011000
00011000
00011100
00011110
00011110
00011100
00011100
00010100
POS 1o 6,10

SPR 1t
00011000
00011000
00011100
00011110
00011110
00011100
00011100
00010100
>
00011000
00011000
00011100
00011110
00011110
00011100
00011100
00010100
DLG SPR_j
POS 1p 6,10

SPR 1u
00110000
00110000
00011000
00111100
01111100
00111100
00111100
00100100
POS 1x 10,14

ITM 0
00000000
00000010
00000000
01000000
00000000
00000000
00001000
00000000
NAME tea
DLG ITM_0

ITM 1
00000000
00100000
00000010
00000000
00000000
00010000
00000000
00000000

ITM 2
00000000
00000000
00000000
00100000
01110000
00100000
00000000
00000000
>
00000000
00000000
00100000
01110000
11111000
01110000
00100000
00000000

ITM 3
00000000
00000000
00000100
00000000
00100000
01110000
00100000
00000000
>
00000000
00000100
00001110
00000100
00000000
00100000
00000000
00000000

ITM 4
00000000
00000000
00000000
00001000
00000000
00000000
00000000
00000000

ITM 5
00000000
00011000
00111100
01111110
01111110
00111100
00011000
00000000

ITM 6
00000000
00011000
00111100
01111000
01111000
00111100
00011000
00000000

ITM 7
00000000
00011000
00110000
01110000
01110000
00110000
00011000
00000000

ITM 8
00000000
00010000
00100000
01000000
01000000
00100000
00010000
00000000

ITM 9
00000000
00001000
00000100
00000010
00000010
00000100
00001000
00000000

ITM a
00000000
00011000
00001100
00001110
00001110
00001100
00011000
00000000

ITM b
00000000
00011000
00111100
00011110
00011110
00111100
00011000
00000000

DLG ITM_0
You found a nice warm cup of tea

DLG SPR_0
You can't leave without speaking to The President.

DLG SPR_2
"""
Ah good, the presidential messenger! Just in time!
The military of Krtkovia has invaded Prussk.
If we shredded all the treaties that violates it'd fill a warehouse.

I need you to take this confidential message to Krtkovia.


Take it directly to the premier.
"""

DLG SPR_1
Make sure to deliver that message to the premier!

DLG SPR_3
Welcome to Krtkovia.

DLG SPR_4
"""
A message? From the President of Turloa? Lemme see that!
What?! How DARE he?! This is nuts! The nerve! The insult!
Sanctions for taking back land which is rightfully ours?!
Take this note back to your president. Consider the warning a courtesy.
"""

DLG SPR_5
Take that note back to that pig of a president you serve.

DLG SPR_6
Welcome to The Turloa Union.

DLG SPR_7
"""
Ha! The Premier of Krtkovia sends you back with this?
More hollow threats! That's his M.O. these days.
Desperation. This note reeks of it. Sad, really.
We mustn't back down. His bluff can become strength.
We must go harder. Give him this note.
"""

DLG SPR_8
Give that Krtkovian loser the message!

DLG SPR_9
Move along.

DLG SPR_a
Welcome to Krtkovia.

DLG SPR_b
"""
Hahaha, come with news of your president's surrender?
What?! Increased military presence?!
This won't stand! The Turloan tyranny must end!
Take this note to your dictator!
"""

DLG SPR_c
Take that note back, you agent of the devil!

DLG SPR_d
Move along.

DLG SPR_e
Move along.

DLG SPR_f
Welcome to The Turloa Union.

DLG SPR_g
"""
That does it. We could have had peace at any point.
BUT THE PREMIER OF KRTKOVIA WANTS IT THIS WAY!
We're on the brink now. One slip and the missiles fly.
Take this last message to Krtkovia.
It's time to end this.
"""

DLG SPR_h
It's time to end this.

DLG SPR_i
Oh God! Oh God! It's happening! Ahhhh!

DLG SPR_j
Please take this note to your president.

VAR a
42


