
            novena

# BITSY VERSION 4.8

! ROOM_FORMAT 1

PAL 0
NAME ocean1
0,0,0
44,103,148
255,220,101

PAL 1
NAME ocean-chamber
0,0,0
193,177,196
255,234,182

PAL 2
NAME intertitle
0,0,0
255,224,173
255,224,173

PAL 3
NAME ocean2
0,0,0
35,65,87
255,220,101

PAL 4
NAME storm
0,0,0
22,56,52
255,220,101

PAL 5
NAME calmocean2
0,0,0
157,255,204
255,220,101

PAL 6
NAME calmocean1
0,0,0
91,173,136
255,220,101

PAL 7
NAME finalocean
166,59,90
254,118,114
0,0,0

PAL 8
NAME finaloceanchamber
52,134,140
238,255,209
0,0,0

PAL 9
NAME nightsky
0,0,0
255,255,223
255,220,101

ROOM 1
0,0,0,0,0,0,0,0,0,0,0,0,0,0,0,0
0,0,0,0,0,0,0,0,0,0,0,0,0,0,0,0
0,0,0,0,0,0,0,a,l,0,0,0,0,0,0,0
0,0,0,0,0,0,0,m,n,0,0,0,0,0,0,0
0,0,0,0,0,o,p,q,r,s,t,0,0,0,0,0
0,0,0,u,v,w,x,y,z,1a,1b,1c,1d,0,0,0
0,0,0,1e,1f,1g,1h,1i,1j,1k,1l,1m,1n,0,0,0
0,0,0,1o,1p,1q,1r,1s,1t,1u,1v,1w,1x,0,0,0
0,0,0,1y,1z,2a,2b,2c,2d,2e,2f,2g,2h,2i,0,0
0,0,0,2j,2k,2l,2m,2n,2o,2p,2q,2r,2s,2t,2u,0
0,0,0,2v,2w,2x,2y,2z,3a,3b,3c,3d,3e,3f,0,0
0,0,0,0,0,0,3g,3h,3i,3j,3k,3l,0,0,0,0
0,0,0,0,0,0,0,0,0,0,0,0,0,0,0,0
0,0,0,0,0,0,0,0,0,0,0,0,0,0,0,0
0,0,0,0,0,0,0,0,0,0,0,0,0,0,0,0
0,0,0,0,0,0,0,0,0,0,0,0,0,0,0,0
NAME church1
PAL 1

ROOM 2
0,0,0,0,0,0,0,0,0,0,0,0,0,0,0,0
0,ui,mz,mz,mz,mz,mz,mz,mz,mz,mz,mz,mz,mz,ui,0
0,mx,0,0,0,0,0,a,l,0,0,0,0,0,mx,0
0,mx,0,0,0,0,0,m,4p,0,0,0,0,0,mx,0
0,mx,0,0,0,o,p,4q,3m,s,t,0,0,0,mx,0
0,mx,0,4r,v,4s,4s,3n,3o,1a,1b,1c,1d,0,mx,0
0,mx,0,3p,1f,3q,3q,4t,3r,3s,4u,1m,4v,0,mx,0
0,mx,0,3t,4w,3u,3q,4q,3v,3w,3x,4x,3y,0,mx,0
0,mx,0,3t,3z,4a,4y,4z,4b,4c,4d,4e,4f,2i,mx,0
0,mx,0,3t,4g,3q,4h,5a,4i,4j,5b,5c,2s,2t,mx,0
0,mx,tn,2v,5d,4k,5e,4l,4m,4n,4o,3d,3e,3f,mx,0
0,mx,uk,0,uj,0,3g,3h,3i,3j,3k,uj,0,uk,mx,0
0,mx,ul,uj,mq,b,b,b,b,b,b,mr,uj,ul,mx,0
0,mx,uj,mq,b,b,b,b,b,b,b,b,mr,uj,mx,0
0,ui,mz,mz,mz,mz,uj,b,b,uj,mz,mz,mz,mz,ui,0
0,0,0,0,0,0,0,b,b,0,0,0,0,0,0,0
NAME church2-a
ITM i 9,11
EXT 9,11 1f 9,11
PAL 1

ROOM 3
0,0,0,0,0,0,0,0,0,0,0,0,0,0,0,0
0,0,0,0,0,0,0,0,0,0,0,0,0,0,0,0
0,0,0,0,0,0,0,0,0,0,0,0,0,0,0,0
0,0,0,0,0,0,0,0,0,0,0,0,0,0,0,0
0,0,0,0,0,0,0,0,0,0,0,0,0,0,0,0
0,0,0,0,0,0,0,0,0,0,0,0,0,0,0,0
0,0,0,tn,tn,tn,tn,tn,tn,tn,tn,tn,tn,0,0,0
0,0,0,tn,0,0,0,c,0,0,0,tl,tn,0,0,0
0,0,0,tn,tn,tn,tn,tn,tn,tn,tn,tn,tn,0,0,0
0,0,0,0,0,0,0,0,0,0,0,0,0,0,0,0
0,0,0,0,0,0,0,0,0,0,0,0,0,0,0,0
0,0,0,0,0,0,0,0,0,0,0,0,0,0,0,0
0,0,0,0,0,0,0,0,0,0,0,0,0,0,0,0
0,0,0,0,0,0,0,0,0,0,0,0,0,0,0,0
0,0,0,0,0,0,0,0,0,0,0,0,0,0,0,0
0,0,0,0,0,0,0,0,0,0,0,0,0,0,0,0
NAME intertitle-i
EXT 11,7 4 7,15
PAL 2

ROOM 4
0,0,0,0,0,0,0,ov,ow,0,0,0,0,0,0,0
0,0,0,0,0,0,ox,oy,oz,0,0,0,0,0,0,0
0,0,0,0,0,0,0,p0,p1,0,0,0,0,0,0,0
0,0,0,0,0,0,0,0,0,0,p2,0,0,p3,p4,p5
0,0,0,p6,0,0,0,0,0,0,p7,p8,p9,pa,pb,pc
pd,pe,pf,pg,ph,pi,pj,0,0,0,0,0,0,0,0,0
pk,0,0,0,0,0,0,0,0,0,0,0,0,0,0,0
pl,pm,0,pn,po,0,pp,pq,pr,ps,pt,85,pu,pv,pw,px
0,0,qx,0,0,0,py,pz,q0,q1,0,0,0,0,0,0
qy,0,0,0,0,0,q2,q3,q4,0,0,0,0,qy,0,0
0,0,0,0,0,0,q5,q6,q7,0,0,r1,0,0,0,0
0,0,0,0,0,0,q8,q9,qa,0,0,0,0,0,qx,0
qx,qy,0,r1,0,qz,qy,r2,qz,0,0,0,0,0,0,0
0,0,qz,qz,r0,0,tn,0,tn,r1,r1,r0,qz,0,0,0
0,0,0,0,0,0,tn,0,tn,0,0,0,0,qy,r1,qx
0,0,0,0,0,0,tn,0,tn,0,0,0,0,0,0,0
NAME ocean-i
ITM 2 7,11
EXT 7,11 5 7,15
PAL 0

ROOM 5
0,0,0,0,0,1,2,3,4,5,6,7,8,0,0,0
0,ms,mz,mz,mz,9,10,11,12,13,14,15,mz,mz,ms,0
mx,mx,0,0,16,17,18,19,20,21,22,23,0,0,mx,mx
mx,mx,0,0,24,25,26,27,28,29,30,31,0,0,mx,mx
mx,mx,0,32,33,34,35,36,37,38,39,40,41,42,mx,mx
0,mx,0,43,44,45,46,0,0,47,48,49,50,0,mx,0
mx,mx,0,51,52,53,54,0,0,0,55,56,57,0,mx,mx
0,mx,0,0,58,59,60,0,sm,0,c,61,0,0,mx,0
0,mx,0,0,62,63,64,65,66,0,67,0,0,0,mx,0
mx,mx,0,0,0,68,0,69,70,0,71,0,0,0,mx,mx
0,mx,0,ms,0,72,0,73,74,0,75,0,0,0,mx,0
0,mx,mt,0,0,0,mu,76,77,78,0,0,mt,0,mx,0
mx,mx,0,0,79,80,81,82,83,84,85,86,87,0,mx,mx
0,mu,88,89,90,91,92,93,94,95,96,97,98,99,mx,0
0,0,0,0,tn,tn,mq,b,b,b,mr,mq,b,mr,mu,0
0,0,mu,mq,b,b,b,b,b,b,b,mr,0,0,0,0
NAME oceanchamber-ia
ITM 1 9,13
EXT 9,13 6 9,13
PAL 1

ROOM 6
0,0,0,0,0,1,2,3,4,5,6,7,8,0,0,0
0,ms,mz,mz,mz,9,10,11,12,13,14,15,mz,mz,ms,0
mx,mx,0,0,16,17,18,19,20,21,22,23,0,0,mx,mx
mx,mx,0,0,24,25,26,27,28,29,30,31,0,0,mx,mx
mx,mx,0,32,33,34,35,36,37,38,39,40,41,42,mx,mx
0,mx,0,43,44,45,46,0,0,47,48,49,50,0,mx,0
mx,mx,0,51,52,53,54,0,0,0,55,56,57,0,mx,mx
0,mx,0,0,58,59,60,0,sm,0,c,61,0,0,mx,0
0,mx,0,0,62,63,64,65,66,0,67,0,0,0,mx,0
mx,mx,0,0,0,68,0,69,70,0,71,0,0,0,mx,mx
0,mx,0,ms,0,72,0,73,74,0,75,0,0,0,mx,0
0,mx,mt,0,0,0,mu,76,77,78,0,0,mt,0,mx,0
mx,mx,0,0,79,80,81,82,83,84,85,86,87,0,mx,mx
0,mu,88,89,90,91,92,93,94,95,96,97,98,99,mx,0
0,0,0,0,tn,tn,mq,b,b,b,mr,mq,b,mr,mu,0
0,0,mu,mq,b,b,b,b,b,b,b,mr,0,0,0,0
NAME oceanchamber-ib
ITM 4 7,15
EXT 7,15 7 4,7
PAL 1

ROOM 7
0,0,0,0,0,0,0,0,0,0,0,0,0,0,0,0
0,0,0,0,0,0,0,0,0,0,0,0,0,0,0,0
0,0,0,0,0,0,0,0,0,0,0,0,0,0,0,0
0,0,0,0,0,0,0,0,0,0,0,0,0,0,0,0
0,0,0,0,0,0,0,0,0,0,0,0,0,0,0,0
0,0,0,0,0,0,0,0,0,0,0,0,0,0,0,0
0,0,0,tn,tn,tn,tn,tn,tn,tn,tn,tn,tn,0,0,0
0,0,0,tn,0,0,0,d,0,0,0,ur,tn,0,0,0
0,0,0,tn,tn,tn,tn,tn,tn,tn,tn,tn,tn,0,0,0
0,0,0,0,0,0,0,0,0,0,0,0,0,0,0,0
0,0,0,0,0,0,0,0,0,0,0,0,0,0,0,0
0,0,0,0,0,0,0,0,0,0,0,0,0,0,0,0
0,0,0,0,0,0,0,0,0,0,0,0,0,0,0,0
0,0,0,0,0,0,0,0,0,0,0,0,0,0,0,0
0,0,0,0,0,0,0,0,0,0,0,0,0,0,0,0
0,0,0,0,0,0,0,0,0,0,0,0,0,0,0,0
NAME intertitle-ii
EXT 11,7 8 7,15
PAL 2

ROOM 8
0,0,0,0,0,0,0,ov,ow,0,0,0,0,0,0,0
0,0,r8,r7,r6,r9,ox,oy,oz,0,0,0,0,0,0,0
0,0,0,0,0,0,0,p0,p1,0,0,0,0,0,0,0
0,0,0,0,0,0,0,0,0,0,p2,0,0,p3,p4,p5
0,0,0,p6,0,0,0,0,0,0,p7,p8,p9,pa,pb,pc
pd,pe,pf,pg,ph,pi,pj,0,0,0,0,0,0,0,0,0
pk,0,0,0,0,0,0,0,0,0,0,0,0,0,0,0
pl,pm,0,pn,po,0,pp,pq,pr,ps,pt,85,pu,pv,pw,px
0,0,qx,r1,0,0,py,pz,q0,q1,0,0,0,0,0,0
qy,0,0,qy,0,0,q2,q3,q4,0,0,0,0,qy,r0,qy
0,0,0,0,0,0,q5,q6,q7,0,0,r1,0,0,0,0
0,0,0,0,0,0,q8,q9,qa,0,0,0,0,0,qx,0
qx,qy,0,r1,0,qz,qy,r2,qz,0,0,0,0,0,0,0
0,0,qz,qz,r0,0,tn,0,tn,r1,r1,r0,qz,0,0,0
0,0,0,0,0,0,tn,0,tn,0,0,0,0,qy,r1,qx
0,0,0,0,0,0,tn,0,tn,0,0,0,0,0,0,0
NAME ocean-ii
ITM 3 7,11
EXT 7,11 9 7,15
PAL 0

ROOM 9
0,0,0,0,0,1,2,3,4,5,6,7,8,0,0,0
0,ms,mz,mz,mz,9,10,11,12,13,14,15,mz,mz,ms,0
mx,mx,0,0,16,17,18,19,20,21,22,23,0,0,mx,mx
mx,mx,0,0,24,25,26,27,28,29,30,31,0,0,mx,mx
mx,mx,0,32,33,34,35,36,37,38,39,40,41,42,mx,mx
0,mx,0,43,44,45,46,0,0,47,48,49,50,0,mx,0
mx,mx,0,51,52,53,54,0,0,0,55,56,57,0,mx,mx
0,mx,0,0,58,59,60,0,sm,0,c,61,0,0,mx,0
0,mx,0,0,62,63,64,65,66,0,67,0,0,0,mx,0
mx,mx,0,0,0,68,0,69,70,0,71,0,0,0,mx,mx
0,mx,0,ms,0,72,0,73,74,0,75,0,0,0,mx,0
0,mx,mt,0,0,0,mu,76,77,78,0,0,mt,0,mx,0
mx,mx,0,0,79,80,81,82,83,84,85,86,87,0,mx,mx
0,mu,88,89,90,91,92,93,94,95,96,97,98,99,mx,0
0,0,0,0,tn,tn,mq,b,b,b,mr,mq,b,mr,mu,0
0,0,mu,mq,b,b,b,b,b,b,b,mr,0,0,0,0
NAME oceanchamber-iia
ITM a 9,13
EXT 9,13 a 9,13
PAL 1

ROOM 1d
0,0,0,0,0,1,2,3,4,5,6,7,8,0,0,0
0,ms,mz,mz,mz,9,10,11,12,13,14,15,mz,mz,ms,0
mx,mx,0,0,16,17,18,19,20,21,22,23,0,0,mx,mx
mx,mx,0,0,24,25,26,27,28,29,30,31,0,0,mx,mx
mx,mx,0,32,33,34,35,36,37,38,39,40,41,42,mx,mx
0,mx,0,43,44,45,46,0,0,47,48,49,50,0,mx,0
mx,mx,0,51,52,53,54,0,0,0,55,56,57,0,mx,mx
0,mx,0,0,58,59,60,0,sm,0,c,61,0,0,mx,0
0,mx,0,0,62,63,64,65,66,0,67,0,0,0,mx,0
mx,mx,0,0,0,68,0,69,70,0,71,0,0,0,mx,mx
0,mx,0,ms,0,72,0,73,74,0,75,0,0,0,mx,0
0,mx,mt,0,0,0,mu,76,77,78,0,0,mt,0,mx,0
mx,mx,0,0,79,80,81,82,83,84,85,86,87,0,mx,mx
0,mu,88,89,90,91,92,93,94,95,96,97,98,99,mx,0
0,0,0,0,tn,tn,mq,b,b,b,mr,mq,b,mr,mu,0
0,0,mu,mq,b,b,b,b,b,b,b,mr,0,0,0,0
NAME oceanchamber
PAL 1

ROOM h
0,0,0,0,0,1,2,3,4,5,6,7,8,0,0,0
0,ms,mz,mz,mz,9,10,11,12,13,14,15,mz,mz,ms,0
mx,mx,0,0,16,17,18,19,20,21,22,23,0,0,mx,mx
mx,mx,0,0,24,25,26,27,28,29,30,31,0,0,mx,mx
mx,mx,0,32,33,34,35,36,37,38,39,40,41,42,mx,mx
0,mx,0,43,44,45,46,0,0,47,48,49,50,0,mx,0
mx,mx,0,51,52,53,54,0,0,0,55,56,57,0,mx,mx
0,mx,0,0,58,59,60,0,sm,0,c,61,0,0,mx,0
0,mx,0,0,62,63,64,65,66,0,67,0,0,0,mx,0
mx,mx,0,0,0,68,0,69,70,0,71,0,0,0,mx,mx
0,mx,0,ms,0,72,0,73,74,0,75,0,0,0,mx,0
0,mx,mt,0,0,0,mu,76,77,78,0,0,mt,0,mx,0
mx,mx,0,0,79,80,81,82,83,84,85,86,87,0,mx,mx
0,mu,88,89,90,91,92,93,94,95,96,97,98,99,mx,0
0,0,0,0,tn,tn,mq,b,b,b,mr,mq,b,mr,mu,0
0,0,mu,mq,b,b,b,b,b,b,b,mr,0,0,0,0
NAME oceanchamber-iva
ITM c 9,13
EXT 9,13 i 9,13
PAL 1

ROOM i
0,0,0,0,0,1,2,3,4,5,6,7,8,0,0,0
0,ms,mz,mz,mz,9,10,11,12,13,14,15,mz,mz,ms,0
mx,mx,0,0,16,17,18,19,20,21,22,23,0,0,mx,mx
mx,mx,0,0,24,25,26,27,28,29,30,31,0,0,mx,mx
mx,mx,0,32,33,34,35,36,37,38,39,40,41,42,mx,mx
0,mx,0,43,44,45,46,0,0,47,48,49,50,0,mx,0
mx,mx,0,51,52,53,54,0,0,0,55,56,57,0,mx,mx
0,mx,0,0,58,59,60,0,sm,0,c,61,0,0,mx,0
0,mx,0,0,62,63,64,65,66,0,67,0,0,0,mx,0
mx,mx,0,0,0,68,0,69,70,0,71,0,0,0,mx,mx
0,mx,0,ms,0,72,0,73,74,0,75,0,0,0,mx,0
0,mx,mt,0,0,0,mu,76,77,78,0,0,mt,0,mx,0
mx,mx,0,0,79,80,81,82,83,84,85,86,87,0,mx,mx
0,mu,88,89,90,91,92,93,94,95,96,97,98,99,mx,0
0,0,0,0,tn,tn,mq,b,b,b,mr,mq,b,mr,mu,0
0,0,mu,mq,b,b,b,b,b,b,b,mr,0,0,0,0
NAME oceanchamber-ivb
ITM 4 7,15
EXT 7,15 j 4,7
PAL 1

ROOM l
0,0,0,0,0,1,2,3,4,5,6,7,8,0,0,0
0,ms,mz,mz,mz,9,10,11,12,13,14,15,mz,mz,ms,0
mx,mx,0,0,16,17,18,19,20,21,22,23,0,0,mx,mx
mx,mx,0,0,24,25,26,27,28,29,30,31,0,0,mx,mx
mx,mx,0,32,33,34,35,36,37,38,39,40,41,42,mx,mx
0,mx,0,43,44,45,46,0,0,47,48,49,50,0,mx,0
mx,mx,0,51,52,53,54,0,0,0,55,56,57,0,mx,mx
0,mx,0,0,58,59,60,0,sm,0,c,61,0,0,mx,0
0,mx,0,0,62,63,64,65,66,0,67,0,0,0,mx,0
mx,mx,0,0,0,68,0,69,70,0,71,0,0,0,mx,mx
0,mx,0,ms,0,72,0,73,74,0,75,0,0,0,mx,0
0,mx,mt,0,0,0,mu,76,77,78,0,0,mt,0,mx,0
mx,mx,0,0,79,80,81,82,83,84,85,86,87,0,mx,mx
0,mu,88,89,90,91,92,93,94,95,96,97,98,99,mx,0
0,0,0,0,tn,tn,mq,b,b,b,mr,mq,b,mr,mu,0
0,0,mu,mq,b,b,b,b,b,b,b,mr,0,0,0,0
NAME oceanchamber-va
ITM d 9,13
EXT 9,13 m 9,13
PAL 1

ROOM m
0,0,0,0,0,1,2,3,4,5,6,7,8,0,0,0
0,ms,mz,mz,mz,9,10,11,12,13,14,15,mz,mz,ms,0
mx,mx,0,0,16,17,18,19,20,21,22,23,0,0,mx,mx
mx,mx,0,0,24,25,26,27,28,29,30,31,0,0,mx,mx
mx,mx,0,32,33,34,35,36,37,38,39,40,41,42,mx,mx
0,mx,0,43,44,45,46,0,0,47,48,49,50,0,mx,0
mx,mx,0,51,52,53,54,0,0,0,55,56,57,0,mx,mx
0,mx,0,0,58,59,60,0,sm,0,c,61,0,0,mx,0
0,mx,0,0,62,63,64,65,66,0,67,0,0,0,mx,0
mx,mx,0,0,0,68,0,69,70,0,71,0,0,0,mx,mx
0,mx,0,ms,0,72,0,73,74,0,75,0,0,0,mx,0
0,mx,mt,0,0,0,mu,76,77,78,0,0,mt,0,mx,0
mx,mx,0,0,79,80,81,82,83,84,85,86,87,0,mx,mx
0,mu,88,89,90,91,92,93,94,95,96,97,98,99,mx,0
0,0,0,0,tn,tn,mq,b,b,b,mr,mq,b,mr,mu,0
0,0,mu,mq,b,b,b,b,b,b,b,mr,0,0,0,0
NAME oceanchamber-vb
ITM 4 7,15
EXT 7,15 n 4,7
PAL 1

ROOM p
0,0,0,0,0,1,2,3,4,5,6,7,8,0,0,0
0,ms,mz,mz,mz,9,10,11,12,13,14,15,mz,mz,ms,0
mx,mx,0,0,16,17,18,19,20,21,22,23,0,0,mx,mx
mx,mx,0,0,24,25,26,27,28,29,30,31,0,0,mx,mx
mx,mx,0,32,33,34,35,36,37,38,39,40,41,42,mx,mx
0,mx,0,43,44,45,46,0,0,47,48,49,50,0,mx,0
mx,mx,0,51,52,53,54,0,0,0,55,56,57,0,mx,mx
0,mx,0,0,58,59,60,0,sm,0,c,61,0,0,mx,0
0,mx,0,0,62,63,64,65,66,0,67,0,0,0,mx,0
mx,mx,0,0,0,68,0,69,70,0,71,0,0,0,mx,mx
0,mx,0,ms,0,72,0,73,74,0,75,0,0,0,mx,0
0,mx,mt,0,0,0,mu,76,77,78,0,0,mt,0,mx,0
mx,mx,0,0,79,80,81,82,83,84,85,86,87,0,mx,mx
0,mu,88,89,90,91,92,93,94,95,96,97,98,99,mx,0
0,0,0,0,tn,tn,mq,b,b,b,mr,mq,b,mr,mu,0
0,0,mu,mq,b,b,b,b,b,b,b,mr,0,0,0,0
NAME oceanchamber-via
ITM e 9,13
EXT 9,13 q 9,13
PAL 1

ROOM q
0,0,0,0,0,1,2,3,4,5,6,7,8,0,0,0
0,ms,mz,mz,mz,9,10,11,12,13,14,15,mz,mz,ms,0
mx,mx,0,0,16,17,18,19,20,21,22,23,0,0,mx,mx
mx,mx,0,0,24,25,26,27,28,29,30,31,0,0,mx,mx
mx,mx,0,32,33,34,35,36,37,38,39,40,41,42,mx,mx
0,mx,0,43,44,45,46,0,0,47,48,49,50,0,mx,0
mx,mx,0,51,52,53,54,0,0,0,55,56,57,0,mx,mx
0,mx,0,0,58,59,60,0,sm,0,c,61,0,0,mx,0
0,mx,0,0,62,63,64,65,66,0,67,0,0,0,mx,0
mx,mx,0,0,0,68,0,69,70,0,71,0,0,0,mx,mx
0,mx,0,ms,0,72,0,73,74,0,75,0,0,0,mx,0
0,mx,mt,0,0,0,mu,76,77,78,0,0,mt,0,mx,0
mx,mx,0,0,79,80,81,82,83,84,85,86,87,0,mx,mx
0,mu,88,89,90,91,92,93,94,95,96,97,98,99,mx,0
0,0,0,0,tn,tn,mq,b,b,b,mr,mq,b,mr,mu,0
0,0,mu,mq,b,b,b,b,b,b,b,mr,0,0,0,0
NAME oceanchamber-vib
ITM 8 7,15
EXT 7,15 r 4,7
PAL 1

ROOM t
0,0,0,0,0,1,2,3,4,5,6,7,8,0,0,0
0,ms,mz,mz,mz,9,10,11,12,13,14,15,mz,mz,ms,0
mx,mx,0,0,16,17,18,19,20,21,22,23,0,0,mx,mx
mx,mx,0,0,24,25,26,27,28,29,30,31,0,0,mx,mx
mx,mx,0,32,33,34,35,36,37,38,39,40,41,42,mx,mx
0,mx,0,43,44,45,46,0,0,47,48,49,50,0,mx,0
mx,mx,0,51,52,53,54,0,0,0,55,56,57,0,mx,mx
0,mx,0,0,58,59,60,0,sm,0,c,61,0,0,mx,0
0,mx,0,0,62,63,64,65,66,0,67,0,0,0,mx,0
mx,mx,0,0,0,68,0,69,70,0,71,0,0,0,mx,mx
0,mx,0,ms,0,72,0,73,74,0,75,0,0,0,mx,0
0,mx,mt,0,0,0,mu,76,77,78,0,0,mt,0,mx,0
mx,mx,0,0,79,80,81,82,83,84,85,86,87,0,mx,mx
0,mu,88,89,90,91,92,93,94,95,96,97,98,99,mx,0
0,0,0,0,tn,tn,mq,b,b,b,mr,mq,b,mr,mu,0
0,0,mu,mq,b,b,b,b,b,b,b,mr,0,0,0,0
NAME oceanchamber-viia
ITM f 9,13
EXT 9,13 u 9,13
PAL 1

ROOM u
0,0,0,0,0,1,2,3,4,5,6,7,8,0,0,0
0,ms,mz,mz,mz,9,10,11,12,13,14,15,mz,mz,ms,0
mx,mx,0,0,16,17,18,19,20,21,22,23,0,0,mx,mx
mx,mx,0,0,24,25,26,27,28,29,30,31,0,0,mx,mx
mx,mx,0,32,33,34,35,36,37,38,39,40,41,42,mx,mx
0,mx,0,43,44,45,46,0,0,47,48,49,50,0,mx,0
mx,mx,0,51,52,53,54,0,0,0,55,56,57,0,mx,mx
0,mx,0,0,58,59,60,0,sm,0,c,61,0,0,mx,0
0,mx,0,0,62,63,64,65,66,0,67,0,0,0,mx,0
mx,mx,0,0,0,68,0,69,70,0,71,0,0,0,mx,mx
0,mx,0,ms,0,72,0,73,74,0,75,0,0,0,mx,0
0,mx,mt,0,0,0,mu,76,77,78,0,0,mt,0,mx,0
mx,mx,0,0,79,80,81,82,83,84,85,86,87,0,mx,mx
0,mu,88,89,90,91,92,93,94,95,96,97,98,99,mx,0
0,0,0,0,tn,tn,mq,b,b,b,mr,mq,b,mr,mu,0
0,0,mu,mq,b,b,b,b,b,b,b,mr,0,0,0,0
NAME oceanchamber-viib
ITM 8 7,15
EXT 7,15 v 4,7
PAL 1

ROOM x
0,0,0,0,0,1,2,3,4,5,6,7,8,0,0,0
0,ms,mz,mz,mz,9,10,11,12,13,14,15,mz,mz,ms,0
mx,mx,0,0,16,17,18,19,20,21,22,23,0,0,mx,mx
mx,mx,0,0,24,25,26,27,28,29,30,31,0,0,mx,mx
mx,mx,0,32,33,34,35,36,37,38,39,40,41,42,mx,mx
0,mx,0,43,44,45,46,0,0,47,48,49,50,0,mx,0
mx,mx,0,51,52,53,54,0,0,0,55,56,57,0,mx,mx
0,mx,0,0,58,59,60,0,sm,0,c,61,0,0,mx,0
0,mx,0,0,62,63,64,65,66,0,67,0,0,0,mx,0
mx,mx,0,0,0,68,0,69,70,0,71,0,0,0,mx,mx
0,mx,0,ms,0,72,0,73,74,0,75,0,0,0,mx,0
0,mx,mt,0,0,0,mu,76,77,78,0,0,mt,0,mx,0
mx,mx,0,0,79,80,81,82,83,84,85,86,87,0,mx,mx
0,mu,88,89,90,91,92,93,94,95,96,97,98,99,mx,0
0,0,0,0,tn,tn,mq,b,b,b,mr,mq,b,mr,mu,0
0,0,mu,mq,b,b,b,b,b,b,b,mr,0,0,0,0
NAME oceanchamber-viiia
ITM g 9,13
EXT 9,13 y 9,13
PAL 1

ROOM a
0,0,0,0,0,1,2,3,4,5,6,7,8,0,0,0
0,ms,mz,mz,mz,9,10,11,12,13,14,15,mz,mz,ms,0
mx,mx,0,0,16,17,18,19,20,21,22,23,0,0,mx,mx
mx,mx,0,0,24,25,26,27,28,29,30,31,0,0,mx,mx
mx,mx,0,32,33,34,35,36,37,38,39,40,41,42,mx,mx
0,mx,0,43,44,45,46,0,0,47,48,49,50,0,mx,0
mx,mx,0,51,52,53,54,0,0,0,55,56,57,0,mx,mx
0,mx,0,0,58,59,60,0,sm,0,c,61,0,0,mx,0
0,mx,0,0,62,63,64,65,66,0,67,0,0,0,mx,0
mx,mx,0,0,0,68,0,69,70,0,71,0,0,0,mx,mx
0,mx,0,ms,0,72,0,73,74,0,75,0,0,0,mx,0
0,mx,mt,0,0,0,mu,76,77,78,0,0,mt,0,mx,0
mx,mx,0,0,79,80,81,82,83,84,85,86,87,0,mx,mx
0,mu,88,89,90,91,92,93,94,95,96,97,98,99,mx,0
0,0,0,0,tn,tn,mq,b,b,b,mr,mq,b,mr,mu,0
0,0,mu,mq,b,b,b,b,b,b,b,mr,0,0,0,0
NAME oceanchamber-iib
ITM 4 7,15
EXT 7,15 b 4,7
PAL 1

ROOM b
0,0,0,0,0,0,0,0,0,0,0,0,0,0,0,0
0,0,0,0,0,0,0,0,0,0,0,0,0,0,0,0
0,0,0,0,0,0,0,0,0,0,0,0,0,0,0,0
0,0,0,0,0,0,0,0,0,0,0,0,0,0,0,0
0,0,0,0,0,0,0,0,0,0,0,0,0,0,0,0
0,0,0,0,0,0,0,0,0,0,0,0,0,0,0,0
0,0,0,tn,tn,tn,tn,tn,tn,tn,tn,tn,tn,0,0,0
0,0,0,tn,0,0,0,e,0,0,0,uq,tn,0,0,0
0,0,0,tn,tn,tn,tn,tn,tn,tn,tn,tn,tn,0,0,0
0,0,0,0,0,0,0,0,0,0,0,0,0,0,0,0
0,0,0,0,0,0,0,0,0,0,0,0,0,0,0,0
0,0,0,0,0,0,0,0,0,0,0,0,0,0,0,0
0,0,0,0,0,0,0,0,0,0,0,0,0,0,0,0
0,0,0,0,0,0,0,0,0,0,0,0,0,0,0,0
0,0,0,0,0,0,0,0,0,0,0,0,0,0,0,0
0,0,0,0,0,0,0,0,0,0,0,0,0,0,0,0
NAME intertitle-iii
EXT 11,7 c 7,15
PAL 2

ROOM c
0,0,0,0,0,0,0,ov,ow,0,0,0,0,0,0,0
0,0,0,0,0,0,0,oy,oz,0,0,0,0,0,0,0
0,0,0,0,0,0,r8,r6,r7,r9,0,0,0,0,0,0
0,0,0,0,0,0,0,uq,uq,0,p2,0,0,p3,p4,p5
0,0,0,p6,0,0,0,0,0,uq,p7,p8,p9,pa,pb,pc
pd,pe,pf,pg,ph,pi,pj,0,0,0,0,0,uq,uq,uq,uq
pk,uq,uq,uq,uq,0,0,qy,0,0,0,0,0,uq,uq,uq
qz,pm,0,pn,po,0,qy,qx,r0,r1,pt,85,pu,pv,r0,qz
0,0,qx,0,r0,r1,0,0,0,0,0,qy,0,0,0,0
qy,r0,0,0,0,0,0,0,r1,qz,0,0,r0,qy,0,0
0,0,qz,0,0,r1,r0,r1,0,0,r0,r1,0,0,0,0
0,0,0,0,0,r0,0,0,0,0,0,0,qz,0,qx,0
qx,qy,0,r1,0,qz,qy,r2,qz,0,0,0,0,0,0,0
0,0,qz,qz,r0,0,tn,0,tn,r1,r1,r0,qz,0,0,0
0,0,0,0,0,0,tn,0,tn,0,0,0,0,qy,r1,qx
0,0,0,0,0,0,tn,0,tn,0,0,0,0,0,0,0
NAME ocean-iii
ITM 3 7,11
EXT 7,11 d 7,15
PAL 3

ROOM d
0,0,0,0,0,1,2,3,4,5,6,7,8,0,0,0
0,ms,mz,mz,mz,9,10,11,12,13,14,15,mz,mz,ms,0
mx,mx,0,0,16,17,18,19,20,21,22,23,0,0,mx,mx
mx,mx,0,0,24,25,26,27,28,29,30,31,0,0,mx,mx
mx,mx,0,32,33,34,35,36,37,38,39,40,41,42,mx,mx
0,mx,0,43,44,45,46,0,0,47,48,49,50,0,mx,0
mx,mx,0,51,52,53,54,0,0,0,55,56,57,0,mx,mx
0,mx,0,0,58,59,60,0,sm,0,c,61,0,0,mx,0
0,mx,0,0,62,63,64,65,66,0,67,0,0,0,mx,0
mx,mx,0,0,0,68,0,69,70,0,71,0,0,0,mx,mx
0,mx,0,ms,0,72,0,73,74,0,75,0,0,0,mx,0
0,mx,mt,0,0,0,mu,76,77,78,0,0,mt,0,mx,0
mx,mx,0,0,79,80,81,82,83,84,85,86,87,0,mx,mx
0,mu,88,89,90,91,92,93,94,95,96,97,98,99,mx,0
0,0,0,0,tn,tn,mq,b,b,b,mr,mq,b,mr,mu,0
0,0,mu,mq,b,b,b,b,b,b,b,mr,0,0,0,0
NAME oceanchamber-iiia
ITM b 9,13
EXT 9,13 e 9,13
PAL 1

ROOM e
0,0,0,0,0,1,2,3,4,5,6,7,8,0,0,0
0,ms,mz,mz,mz,9,10,11,12,13,14,15,mz,mz,ms,0
mx,mx,0,0,16,17,18,19,20,21,22,23,0,0,mx,mx
mx,mx,0,0,24,25,26,27,28,29,30,31,0,0,mx,mx
mx,mx,0,32,33,34,35,36,37,38,39,40,41,42,mx,mx
0,mx,0,43,44,45,46,0,0,47,48,49,50,0,mx,0
mx,mx,0,51,52,53,54,0,0,0,55,56,57,0,mx,mx
0,mx,0,0,58,59,60,0,sm,0,c,61,0,0,mx,0
0,mx,0,0,62,63,64,65,66,0,67,0,0,0,mx,0
mx,mx,0,0,0,68,0,69,70,0,71,0,0,0,mx,mx
0,mx,0,ms,0,72,0,73,74,0,75,0,0,0,mx,0
0,mx,mt,0,0,0,mu,76,77,78,0,0,mt,0,mx,0
mx,mx,0,0,79,80,81,82,83,84,85,86,87,0,mx,mx
0,mu,88,89,90,91,92,93,94,95,96,97,98,99,mx,0
0,0,0,0,tn,tn,mq,b,b,b,mr,mq,b,mr,mu,0
0,0,mu,mq,b,b,b,b,b,b,b,mr,0,0,0,0
NAME oceanchamber-iiib
ITM 4 7,15
EXT 7,15 f 4,7
PAL 1

ROOM f
0,0,0,0,0,0,0,0,0,0,0,0,0,0,0,0
0,0,0,0,0,0,0,0,0,0,0,0,0,0,0,0
0,0,0,0,0,0,0,0,0,0,0,0,0,0,0,0
0,0,0,0,0,0,0,0,0,0,0,0,0,0,0,0
0,0,0,0,0,0,0,0,0,0,0,0,0,0,0,0
0,0,0,0,0,0,0,0,0,0,0,0,0,0,0,0
0,0,0,tn,tn,tn,tn,tn,tn,tn,tn,tn,tn,0,0,0
0,0,0,tn,0,0,0,f,0,0,0,2,tn,0,0,0
0,0,0,tn,tn,tn,tn,tn,tn,tn,tn,tn,tn,0,0,0
0,0,0,0,0,0,0,0,0,0,0,0,0,0,0,0
0,0,0,0,0,0,0,0,0,0,0,0,0,0,0,0
0,0,0,0,0,0,0,0,0,0,0,0,0,0,0,0
0,0,0,0,0,0,0,0,0,0,0,0,0,0,0,0
0,0,0,0,0,0,0,0,0,0,0,0,0,0,0,0
0,0,0,0,0,0,0,0,0,0,0,0,0,0,0,0
0,0,0,0,0,0,0,0,0,0,0,0,0,0,0,0
NAME intertitle-iv
EXT 11,7 g 7,15
PAL 2

ROOM g
to,tp,0,tq,tr,0,ts,tt,tu,tv,tw,tx,ty,tz,u0,u1
u2,u3,u4,u5,u6,u7,u8,u9,ua,ub,uc,ud,ue,uf,ug,uh
r5,0,r5,r5,0,0,r8,r6,r7,r9,0,0,r5,r5,r5,0
0,r5,r5,0,0,0,0,r5,r5,0,p2,0,0,p3,p4,p5
0,0,0,0,0,0,0,0,0,r5,p7,p8,p9,pa,pb,pc
pd,pe,pf,pg,ph,pi,pj,0,0,0,0,0,r5,r5,r5,r5
pk,r5,r5,r5,r5,0,0,qy,0,0,0,0,0,r5,r5,r5
qz,pm,0,pn,po,0,qy,qx,r0,r1,pt,85,pu,pv,r0,qz
0,0,qx,0,r0,r1,0,0,0,0,0,qy,0,0,0,0
qy,r0,0,0,0,0,0,0,r1,qz,0,0,r0,qy,0,0
0,0,qz,0,0,r1,r0,r1,0,0,r0,r1,0,0,0,0
0,0,0,0,0,r0,0,0,0,0,0,0,qz,0,qx,0
qx,qy,0,r1,0,qz,qy,r2,qz,0,0,0,0,0,0,0
0,0,qz,qz,r0,0,tn,0,tn,r1,r1,r0,qz,0,0,0
0,0,0,0,qy,0,tn,0,qy,r0,0,0,0,qy,r1,qx
0,0,0,0,0,0,tn,0,tn,0,0,0,0,0,0,0
NAME ocean-iv
ITM 3 7,11
EXT 7,11 h 7,15
PAL 3

ROOM j
0,0,0,0,0,0,0,0,0,0,0,0,0,0,0,0
0,0,0,0,0,0,0,0,0,0,0,0,0,0,0,0
0,0,0,0,0,0,0,0,0,0,0,0,0,0,0,0
0,0,0,0,0,0,0,0,0,0,0,0,0,0,0,0
0,0,0,0,0,0,0,0,0,0,0,0,0,0,0,0
0,0,0,0,0,0,0,0,0,0,0,0,0,0,0,0
0,0,0,tn,tn,tn,tn,tn,tn,tn,tn,tn,tn,0,0,0
0,0,0,tn,0,0,0,g,0,0,0,0,tn,0,0,0
0,0,0,tn,tn,tn,tn,tn,tn,tn,tn,tn,tn,0,0,0
0,0,0,0,0,0,0,0,0,0,0,0,0,0,0,0
0,0,0,0,0,0,0,0,0,0,0,0,0,0,0,0
0,0,0,0,0,0,0,0,0,0,0,0,0,0,0,0
0,0,0,0,0,0,0,0,0,0,0,0,0,0,0,0
0,0,0,0,0,0,0,0,0,0,0,0,0,0,0,0
0,0,0,0,0,0,0,0,0,0,0,0,0,0,0,0
0,0,0,0,0,0,0,0,0,0,0,0,0,0,0,0
NAME intertitle-v
ITM 5 11,7
EXT 11,7 k 7,15
PAL 2

ROOM n
0,0,0,0,0,0,0,0,0,0,0,0,0,0,0,0
0,0,0,0,0,0,0,0,0,0,0,0,0,0,0,0
0,0,0,0,0,0,0,0,0,0,0,0,0,0,0,0
0,0,0,0,0,0,0,0,0,0,0,0,0,0,0,0
0,0,0,0,0,0,0,0,0,0,0,0,0,0,0,0
0,0,0,0,0,0,0,0,0,0,0,0,0,0,0,0
0,0,0,tn,tn,tn,tn,tn,tn,tn,tn,tn,tn,0,0,0
0,0,0,tn,0,0,0,h,0,0,0,18,tn,0,0,0
0,0,0,tn,tn,tn,tn,tn,tn,tn,tn,tn,tn,0,0,0
0,0,0,0,0,0,0,0,0,0,0,0,0,0,0,0
0,0,0,0,0,0,0,0,0,0,0,0,0,0,0,0
0,0,0,0,0,0,0,0,0,0,0,0,0,0,0,0
0,0,0,0,0,0,0,0,0,0,0,0,0,0,0,0
0,0,0,0,0,0,0,0,0,0,0,0,0,0,0,0
0,0,0,0,0,0,0,0,0,0,0,0,0,0,0,0
0,0,0,0,0,0,0,0,0,0,0,0,0,0,0,0
NAME intertitle-vi
EXT 11,7 o 7,15
PAL 2

ROOM r
0,0,0,0,0,0,0,0,0,0,0,0,0,0,0,0
0,0,0,0,0,0,0,0,0,0,0,0,0,0,0,0
0,0,0,0,0,0,0,0,0,0,0,0,0,0,0,0
0,0,0,0,0,0,0,0,0,0,0,0,0,0,0,0
0,0,0,0,0,0,0,0,0,0,0,0,0,0,0,0
0,0,0,0,0,0,0,0,0,0,0,0,0,0,0,0
0,0,0,tn,tn,tn,tn,tn,tn,tn,tn,tn,tn,0,0,0
0,0,0,tn,0,0,0,i,0,0,0,ui,tn,0,0,0
0,0,0,tn,tn,tn,tn,tn,tn,tn,tn,tn,tn,0,0,0
0,0,0,0,0,0,0,0,0,0,0,0,0,0,0,0
0,0,0,0,0,0,0,0,0,0,0,0,0,0,0,0
0,0,0,0,0,0,0,0,0,0,0,0,0,0,0,0
0,0,0,0,0,0,0,0,0,0,0,0,0,0,0,0
0,0,0,0,0,0,0,0,0,0,0,0,0,0,0,0
0,0,0,0,0,0,0,0,0,0,0,0,0,0,0,0
0,0,0,0,0,0,0,0,0,0,0,0,0,0,0,0
NAME intertitle-vii
EXT 11,7 s 7,15
PAL 2

ROOM v
0,0,0,0,0,0,0,0,0,0,0,0,0,0,0,0
0,0,0,0,0,0,0,0,0,0,0,0,0,0,0,0
0,0,0,0,0,0,0,0,0,0,0,0,0,0,0,0
0,0,0,0,0,0,0,0,0,0,0,0,0,0,0,0
0,0,0,0,0,0,0,0,0,0,0,0,0,0,0,0
0,0,0,0,0,0,0,0,0,0,0,0,0,0,0,0
0,0,0,tn,tn,tn,tn,tn,tn,tn,tn,tn,tn,0,0,0
0,0,0,tn,0,0,0,i,j,0,0,0,tn,0,0,0
0,0,0,tn,tn,tn,tn,tn,tn,tn,tn,tn,tn,0,0,0
0,0,0,0,0,0,0,0,0,0,0,0,0,0,0,0
0,0,0,0,0,0,0,0,0,0,0,0,0,0,0,0
0,0,0,0,0,0,0,0,0,0,0,0,0,0,0,0
0,0,0,0,0,0,0,0,0,0,0,0,0,0,0,0
0,0,0,0,0,0,0,0,0,0,0,0,0,0,0,0
0,0,0,0,0,0,0,0,0,0,0,0,0,0,0,0
0,0,0,0,0,0,0,0,0,0,0,0,0,0,0,0
NAME intertitle-viii
ITM 6 11,7
EXT 11,7 w 7,15
PAL 2

ROOM z
0,0,0,0,0,0,0,0,0,0,0,0,0,0,0,0
0,0,0,0,0,0,0,0,0,0,0,0,0,0,0,0
0,0,0,0,0,0,0,0,0,0,0,0,0,0,0,0
0,0,0,0,0,0,0,0,0,0,0,0,0,0,0,0
0,0,0,0,0,0,0,0,0,0,0,0,0,0,0,0
0,0,0,0,0,0,0,0,0,0,0,0,0,0,0,0
0,0,0,tn,tn,tn,tn,tn,tn,tn,tn,tn,tn,0,0,0
0,0,0,tn,0,0,0,k,0,0,0,mt,tn,0,0,0
0,0,0,tn,tn,tn,tn,tn,tn,tn,tn,tn,tn,0,0,0
0,0,0,0,0,0,0,0,0,0,0,0,0,0,0,0
0,0,0,0,0,0,0,0,0,0,0,0,0,0,0,0
0,0,0,0,0,0,0,0,0,0,0,0,0,0,0,0
0,0,0,0,0,0,0,0,0,0,0,0,0,0,0,0
0,0,0,0,0,0,0,0,0,0,0,0,0,0,0,0
0,0,0,0,0,0,0,0,0,0,0,0,0,0,0,0
0,0,0,0,0,0,0,0,0,0,0,0,0,0,0,0
NAME intertitle-ix
EXT 11,7 1a 7,15
PAL 2

ROOM k
rc,rd,re,rf,rg,rh,ri,rj,rk,rl,rm,rn,ro,rp,n9,rq
rr,rs,rt,ru,rv,rw,rx,ry,rz,s0,s1,s2,s3,s4,s5,s6
0,s7,s8,r5,s9,sa,sb,sc,sd,se,sf,sg,sh,si,sj,sk
sl,sm,r5,0,r5,r5,r5,r5,0,so,sp,r5,r5,0,sq,sr
ss,st,su,sv,0,0,r5,0,r5,r5,sw,sx,sy,sz,t0,t1
t2,t3,t4,t5,t6,t7,t8,0,0,r5,t9,ta,tb,tc,td,te
pk,r5,r5,r5,r5,0,0,qy,0,0,0,r5,r5,r5,r5,r5
qz,pm,0,pn,po,0,qy,qx,r0,r1,pt,85,pu,pv,r0,qz
0,0,qx,0,r0,r1,0,0,0,0,0,qy,0,r5,0,0
qy,r0,0,0,r5,0,0,0,r1,qz,0,0,r0,qy,0,r5
0,0,qz,0,0,r1,r0,r1,0,0,r0,r1,0,0,0,r5
0,0,0,0,0,r0,0,0,0,0,0,0,qz,0,qx,0
qx,qy,0,r1,0,qz,qy,r2,qz,0,0,0,0,0,0,0
0,0,qz,qz,r0,0,tn,0,tn,r1,r1,r0,qz,0,0,0
qz,0,0,r1,0,0,tn,0,tn,0,0,qx,0,qy,r1,qx
0,qx,0,0,r0,0,tn,0,tn,0,r0,qz,0,qx,qx,0
NAME ocean-v
ITM 5 8,3
ITM 5 14,5
ITM 5 2,6
EXT 7,11 l 7,15
PAL 4

ROOM o
0,r5,0,0,0,r5,r5,0,0,r5,0,r5,0,0,r5,r5
r5,0,0,r5,0,0,r5,qz,qz,qx,0,0,r5,0,0,r5
0,qy,0,r5,r5,r1,0,0,0,0,r5,r5,0,0,0,0
0,0,qy,0,r5,0,r1,r5,r5,0,0,0,0,0,0,0
0,0,0,p6,0,0,r5,0,0,r5,0,0,r0,qz,0,0
0,0,r1,0,0,0,pj,0,0,0,0,0,r5,r5,r5,r5
pk,r5,r5,r5,r5,0,0,qy,0,0,0,0,0,r5,r5,r5
qz,pm,0,pn,po,0,qy,qx,r0,r1,pt,85,pu,pv,r0,qz
0,0,qx,0,r0,r1,0,0,0,0,0,qy,0,0,0,0
qy,r0,0,0,r5,r5,0,0,r1,qz,0,0,r0,qy,0,0
0,0,qz,0,0,r1,r0,r1,0,0,r0,r1,0,0,0,0
0,0,0,0,0,r0,0,0,0,0,r5,0,qz,0,qx,0
qx,qy,0,r1,0,qz,qy,r2,qz,0,0,0,0,0,0,0
0,0,qz,qz,r0,0,tn,0,tn,r1,r1,r0,qz,0,r5,0
r5,r5,qy,0,0,r5,tn,0,tn,0,qy,0,0,qy,r1,qx
r5,0,0,qx,qz,0,tn,0,tn,0,0,r5,r0,0,0,0
NAME ocean-vi
ITM 5 7,4
ITM 5 14,8
EXT 7,11 p 7,15
PAL 4

ROOM s
rc,rd,re,rf,rg,rh,ri,rj,rk,rl,rm,rn,ro,rp,n9,rq
rr,rs,rt,ru,rv,rw,rx,ry,rz,s0,s1,s2,s3,s4,s5,s6
0,s7,s8,0,s9,sa,sb,sc,sd,se,sf,sg,sh,si,sj,sk
sl,sm,0,0,0,sn,0,0,0,so,sp,33,0,0,sq,sr
ss,st,su,sv,0,0,ox,tf,0,0,sw,sx,sy,sz,t0,t1
t2,t3,t4,t5,t6,t7,t8,tg,0,0,t9,ta,tb,tc,td,te
0,0,0,0,0,0,0,0,0,0,0,0,0,0,0,0
pl,pm,0,pn,po,0,pp,pq,pr,ps,pt,85,pu,pv,pw,px
0,0,qx,0,0,0,py,pz,q0,q1,0,0,0,0,0,0
qy,0,0,0,0,0,q2,q3,q4,0,0,0,0,qy,0,0
0,0,0,0,0,0,q5,q6,q7,0,0,r1,0,0,0,0
0,0,0,0,0,0,q8,q9,qa,0,0,0,0,0,qx,0
qx,qy,0,r1,0,qz,qy,r2,qz,0,0,0,0,0,0,0
0,0,qz,qz,r0,0,tn,0,tn,r1,r1,r0,qz,0,0,0
0,0,0,0,0,0,tn,0,tn,0,0,0,0,qy,r1,qx
0,0,0,r1,r0,0,tn,0,tn,0,0,0,0,0,0,0
NAME ocean-vii
ITM 3 7,11
EXT 7,11 t 7,15
PAL 6

ROOM w
0,0,0,0,0,0,0,ov,ow,0,0,0,0,0,0,0
0,0,0,0,0,0,ox,oy,oz,0,0,0,0,rb,0,0
0,0,0,0,0,0,0,p0,p1,0,0,0,0,0,rb,0
0,0,0,0,0,0,0,0,0,0,0,0,0,0,0,0
0,0,0,0,0,0,0,0,0,0,0,0,0,0,0,0
0,0,0,0,0,0,0,rb,0,0,0,0,0,0,0,0
0,0,0,th,ti,0,0,0,0,0,0,0,0,0,0,0
pl,pm,0,pn,po,0,pp,pq,pr,ps,pt,85,pu,pv,pw,px
0,0,qx,0,0,0,py,pz,q0,q1,0,0,0,0,0,0
qy,0,0,0,0,0,q2,q3,q4,0,0,0,0,qy,0,0
0,0,0,0,0,0,q5,q6,q7,0,0,r1,0,0,0,0
0,0,0,0,0,0,q8,q9,qa,0,0,0,0,0,qx,0
qx,qy,0,r1,0,qz,qy,r2,qz,0,0,0,0,0,0,0
0,0,qz,qz,r0,0,tn,0,tn,r1,r1,r0,qz,0,0,0
0,0,0,0,0,r1,tn,0,tn,0,0,0,0,qy,r1,qx
0,0,0,0,0,0,tn,0,tn,0,0,0,0,0,0,0
NAME ocean-viii
ITM 3 7,11
EXT 7,11 x 7,15
PAL 5

ROOM 1a
0,0,0,0,0,0,0,0,0,0,0,0,0,0,0,0
0,0,0,0,0,0,0,0,0,0,0,0,0,0,0,0
0,0,0,0,rb,0,0,0,0,0,0,0,0,0,0,0
0,0,0,rb,0,0,0,0,0,0,0,0,0,0,0,0
0,0,0,0,0,0,0,0,0,0,0,0,0,0,0,0
0,0,0,0,0,0,0,0,0,0,0,rb,0,0,0,0
0,0,0,0,0,0,0,tj,tk,0,0,0,0,0,0,0
pl,pm,0,pn,po,0,pp,pq,pr,ps,pt,85,pu,pv,pw,px
0,0,qx,0,0,0,py,pz,q0,q1,0,0,0,0,0,0
qy,0,0,0,0,0,q2,q3,q4,0,0,0,0,qy,0,0
0,0,0,0,0,0,q5,q6,q7,0,0,r1,0,0,0,0
0,0,0,0,0,0,0,tl,0,0,0,0,0,0,qx,0
qx,qy,0,r1,0,qz,qy,r2,qz,0,0,0,0,0,0,0
0,0,qz,qz,r0,0,tn,0,tn,r1,r1,r0,qz,0,0,0
0,0,0,0,0,0,tn,tm,tn,0,0,0,0,qy,r1,qx
0,0,0,0,0,0,tn,tm,tn,0,0,0,0,0,0,0
NAME ocean-ix
ITM 6 11,5
ITM 6 3,3
ITM 6 4,2
EXT 7,11 1b 7,15
PAL 7

ROOM y
0,0,0,0,0,1,2,3,4,5,6,7,8,0,0,0
0,ms,mz,mz,mz,9,10,11,12,13,14,15,mz,mz,ms,0
mx,mx,0,0,16,17,18,19,20,21,22,23,0,0,mx,mx
mx,mx,0,0,24,25,26,27,28,29,30,31,0,0,mx,mx
mx,mx,0,32,33,34,35,36,37,38,39,40,41,42,mx,mx
0,mx,0,43,44,45,46,0,0,47,48,49,50,0,mx,0
mx,mx,0,51,52,53,54,0,0,0,55,56,57,0,mx,mx
0,mx,0,0,58,59,60,0,sm,0,c,61,0,0,mx,0
0,mx,0,0,62,63,64,65,66,0,67,0,0,0,mx,0
mx,mx,0,0,0,68,0,69,70,0,71,0,0,0,mx,mx
0,mx,0,ms,0,72,0,73,74,0,75,0,0,0,mx,0
0,mx,mt,0,0,0,mu,76,77,78,0,0,mt,0,mx,0
mx,mx,0,0,79,80,81,82,83,84,85,86,87,0,mx,mx
0,mu,88,89,90,91,92,93,94,95,96,97,98,99,mx,0
0,0,0,0,tn,tn,mq,b,b,b,mr,mq,b,mr,mu,0
0,0,mu,mq,b,b,b,b,b,b,b,mr,0,0,0,0
NAME oceanchamber-viiib
ITM 8 7,15
EXT 7,15 z 4,7
PAL 1

ROOM 1b
0,0,0,0,0,1,2,3,4,5,6,7,8,0,0,0
0,ms,mz,mz,mz,9,10,11,12,13,14,15,mz,mz,ms,0
mx,mx,0,0,16,17,18,19,20,21,22,23,0,0,mx,mx
mx,mx,0,0,24,25,26,27,28,29,30,31,0,0,mx,mx
mx,mx,0,32,33,34,35,36,37,38,39,40,41,42,mx,mx
0,mx,0,43,44,45,46,0,0,47,48,49,50,0,mx,0
mx,mx,0,51,52,53,54,0,0,0,55,56,57,0,mx,mx
0,mx,0,0,58,59,60,0,sm,0,c,61,0,0,mx,0
0,mx,0,0,62,63,64,65,66,0,67,0,0,0,mx,0
mx,mx,0,0,0,68,0,69,70,0,71,0,0,0,mx,mx
0,mx,0,ms,0,72,0,73,74,0,75,0,0,0,mx,0
0,mx,mt,0,0,0,mu,76,77,78,0,0,mt,0,mx,0
mx,mx,0,0,79,80,81,82,83,84,85,86,87,0,mx,mx
0,mu,88,89,90,91,92,93,94,95,96,97,98,99,mx,0
0,0,0,0,tn,tn,mq,b,b,b,mr,mq,b,mr,mu,0
0,0,mu,mq,b,b,b,b,b,b,b,mr,0,0,0,0
NAME oceanchamber-ixa
ITM h 9,13
EXT 9,13 1c 9,13
PAL 8

ROOM 1c
0,0,0,0,0,1,2,3,4,5,6,7,8,0,0,0
0,ms,mz,mz,mz,9,10,11,12,13,14,15,mz,mz,ms,0
mx,mx,0,0,16,17,18,19,20,21,22,23,0,0,mx,mx
mx,mx,0,0,24,25,26,27,28,29,30,31,0,0,mx,mx
mx,mx,0,32,33,34,35,36,37,38,39,40,41,42,mx,mx
0,mx,0,43,44,45,46,0,0,47,48,49,50,0,mx,0
mx,mx,0,51,52,53,54,0,0,0,55,56,57,0,mx,mx
0,mx,0,0,58,59,60,0,sm,0,c,61,0,0,mx,0
0,mx,0,0,62,63,64,65,66,0,67,0,0,0,mx,0
mx,mx,0,0,0,68,0,69,70,0,71,0,0,0,mx,mx
0,mx,0,ms,0,72,0,73,74,0,75,0,0,0,mx,0
0,mx,mt,0,0,0,mu,76,77,78,0,0,mt,0,mx,0
mx,mx,0,0,79,80,81,82,83,84,85,86,87,0,mx,mx
0,mu,88,89,90,91,92,93,94,95,96,97,98,99,mx,0
0,0,0,0,tn,tn,mq,b,b,b,mr,mq,b,mr,mu,0
0,0,mu,mq,b,b,b,b,b,b,b,mr,0,0,0,0
NAME oceanchamber-ixb
ITM 4 7,15
END undefined 7,15
PAL 8

ROOM 1f
0,0,0,0,0,0,0,0,0,0,0,0,0,0,0,0
0,ui,mz,mz,mz,mz,mz,mz,mz,mz,mz,mz,mz,mz,ui,0
0,mx,0,0,0,0,0,a,l,0,0,0,0,0,mx,0
0,mx,0,0,0,0,0,m,4p,0,0,0,0,0,mx,0
0,mx,0,0,0,o,p,4q,3m,s,t,0,0,0,mx,0
0,mx,0,4r,v,4s,4s,3n,3o,1a,1b,1c,1d,0,mx,0
0,mx,0,3p,1f,3q,3q,4t,3r,3s,4u,1m,4v,0,mx,0
0,mx,0,3t,4w,3u,3q,4q,3v,3w,3x,4x,3y,0,mx,0
0,mx,0,3t,3z,4a,4y,4z,4b,4c,4d,4e,4f,2i,mx,0
0,mx,0,3t,4g,3q,4h,5a,4i,4j,5b,5c,2s,2t,mx,0
0,mx,tn,2v,5d,4k,5e,4l,4m,4n,4o,3d,3e,3f,mx,0
0,mx,uk,0,uj,0,3g,3h,3i,3j,3k,uj,0,uk,mx,0
0,mx,ul,uj,mq,b,b,b,b,b,b,mr,uj,ul,mx,0
0,mx,uj,mq,b,b,b,b,b,b,b,b,mr,uj,mx,0
0,ui,mz,mz,mz,mz,uj,b,b,uj,mz,mz,mz,mz,ui,0
0,0,0,0,0,0,mx,b,b,mx,0,0,0,0,0,0
NAME church-b
ITM j 7,15
EXT 3,15 0 0,0
EXT 7,15 1g 7,0
PAL 1

ROOM 1g
0,mx,0,0,0,0,mx,b,b,mx,0,0,0,0,mx,0
0,mx,0,0,0,0,mx,b,b,mx,0,0,0,0,mx,0
0,mx,0,0,0,uk,mx,b,b,mx,uk,0,0,0,mx,0
0,mx,0,0,uj,ul,mq,b,b,mr,ul,uj,0,0,mx,0
0,mx,0,0,0,0,tn,0,0,tn,0,0,0,0,mx,0
0,mx,0,0,0,0,uj,0,0,uj,0,0,0,0,mx,0
0,mx,0,0,0,0,tn,0,0,tn,0,0,0,0,mx,0
0,mx,0,0,0,0,tn,0,0,tn,0,0,0,0,mx,0
0,mx,0,0,0,0,tn,0,0,tn,0,0,0,0,mx,0
0,mx,0,0,0,0,tn,0,0,tn,0,0,0,0,mx,0
0,mx,0,0,0,0,tn,0,0,tn,0,0,0,0,mx,0
0,mx,0,0,0,0,tn,0,0,tn,0,0,0,0,mx,0
0,mx,0,0,0,0,tn,0,0,tn,0,0,0,0,mx,0
0,mx,0,0,0,0,uj,0,0,uj,0,0,0,0,mx,0
0,mx,0,0,0,uj,mx,b,b,mx,uj,0,0,0,mx,0
0,mx,0,0,0,0,mx,b,b,mx,0,0,0,0,mx,0
NAME church-c
ITM 9 7,15
EXT 7,15 1h 6,11
PAL 1

ROOM 1h
0,0,0,0,0,0,up,0,0,0,0,0,0,0,0,0
0,up,0,0,0,0,0,0,0,uo,0,0,0,0,0,0
0,0,0,um,0,0,0,0,0,0,0,0,um,0,up,0
0,0,0,0,0,0,0,0,up,0,0,0,0,0,0,0
0,un,0,0,0,up,0,0,0,0,0,0,up,0,0,0
0,0,0,up,0,0,0,0,0,up,0,0,0,0,0,0
0,0,0,0,0,0,0,up,0,0,0,uo,0,0,0,0
un,0,0,0,0,0,0,0,0,0,0,0,0,0,0,0
0,0,0,un,0,0,up,0,0,0,0,0,um,0,up,0
0,up,0,0,up,0,0,up,0,0,0,0,0,0,0,0
0,0,0,0,0,0,0,0,0,0,0,0,0,0,0,0
0,0,up,0,0,0,0,0,0,um,0,0,up,0,0,0
up,0,0,0,um,0,0,0,0,un,0,0,0,0,0,up
0,0,0,0,0,0,0,0,0,0,0,0,0,0,0,0
0,0,0,0,up,0,up,0,0,0,0,0,un,0,0,0
0,0,up,0,0,0,0,0,0,0,0,0,0,0,0,0
NAME nightsky
ITM 3 7,4
EXT 7,4 3 4,7
PAL 9

TIL 1
00000000
00000000
00000000
00000000
00000001
00000010
00000000
00001010
NAME oceanchamber 1

TIL 2
00010000
10101000
00011001
00001000
01110101
00001010
01000001
10100010
NAME oceanchamber 2

TIL 3
01000000
10100000
01000010
10000100
00010100
10011000
00010100
00101000
NAME oceanchamber 3

TIL 4
10000100
00001010
01000000
00001000
00000000
00000000
00000000
00000000
NAME oceanchamber 4

TIL 5
00000001
00000010
00000101
00000101
00001001
00001001
00010101
00000011
NAME oceanchamber 5

TIL 6
11111111
11111111
11011111
11111111
10111111
01111011
11010011
10101101
NAME oceanchamber 6

TIL 7
11111111
11101111
11111011
11011111
11110111
10101101
11101110
01011110
NAME oceanchamber 7

TIL 8
11000000
10000000
10000000
00000000
00000000
00000000
00000000
00000000
NAME oceanchamber 8

TIL 9
00010101
00000000
00010001
00101010
00000101
00001010
01010101
00001000
NAME oceanchamber 9

TIL 10
01010100
10101000
00000000
10001000
01011001
10100000
00010001
00100010
NAME oceanchamber 10

TIL 11
00110000
01100000
01010001
11101010
01010001
10001001
01010111
11101010
NAME oceanchamber 11

TIL 12
00000000
10000000
00000000
00010000
00000000
10100000
00000001
00000001
NAME oceanchamber 12

TIL 13
00111111
00111011
00010110
01000110
00011101
00101011
01001101
10101010
NAME oceanchamber 13

TIL 14
01110111
11011010
01001111
10110111
11011101
11101111
01101011
11011011
NAME oceanchamber 14

TIL 15
10011100
10111100
00110100
01111000
01111000
11110000
11110000
11100000
NAME oceanchamber 15

TIL 16
00000000
00000000
00000000
00000000
00000001
00000010
00000101
00000010
NAME oceanchamber 16

TIL 17
01000101
10101010
00010101
00101010
01010101
10100010
01010101
00101010
NAME oceanchamber 17

TIL 18
01100001
10000010
01000101
10001011
00000101
00001010
00010101
00101010
NAME oceanchamber 18

TIL 19
00110110
10101100
01011100
10101000
01011000
10111000
01010000
10110000
NAME oceanchamber 19

TIL 20
00000001
10000010
00000001
00000010
00001101
00001010
00000101
00001111
NAME oceanchamber 20

TIL 21
01100101
10101010
01010011
00100010
11010101
10000110
11000100
10101010
NAME oceanchamber 21

TIL 22
11010101
10101101
01001011
10101011
01010101
00100111
00000001
10000000
NAME oceanchamber 22

TIL 23
11100000
11000000
10000000
10000000
00000000
00000000
00000000
00000000
NAME oceanchamber 23

TIL 24
00000101
00001010
00000101
00101000
00010101
00101010
01000100
00101000
NAME oceanchamber 24

TIL 25
01010100
10101000
01010000
10101000
01010001
10100000
01000001
00100011
NAME oceanchamber 25

TIL 26
00011101
00101000
01010001
10111010
01110101
10000010
00000100
10101100
NAME oceanchamber 26

TIL 27
01010000
11000000
01000000
10000001
00000001
00000110
00000101
00001010
NAME oceanchamber face

TIL 28
00000101
00000010
00000011
11100011
11110001
11110001
01111001
11111000
NAME oceanchamber face

TIL 29
00000101
01000000
01010101
10101010
11010001
10101000
11011101
01111010
NAME oceanchamber 29

TIL 30
01100100
10000100
01100100
01101000
01011000
11010000
00010000
10100000
NAME oceanchamber 30

TIL 31
00000000
00000000
00000000
00000000
00000000
00100000
01000000
00000000
NAME oceanchamber 31

TIL 32
00000000
00000000
00000001
00000000
00000000
00000000
00000001
00001000
NAME oceanchamber 32

TIL 33
01010101
10000010
01000100
10101000
00000101
00100010
00000100
00001010
NAME oceanchamber 33

TIL 34
01000101
10000010
00000101
00000010
00000110
00001000
00010101
00001100
NAME oceanchamber 34

TIL 35
11010100
00001000
11011000
10100100
00101000
11001000
01010000
01010000
NAME oceanchamber 35

TIL 36
00000101
00001010
00000101
00000000
00000101
00000011
00000001
00000000
NAME oceanchamber face2

TIL 37
01111000
10111000
01111000
11111000
01110000
01110000
01000000
00000000
NAME oceanchamber face1

TIL 38
01011101
11001010
01010001
01101010
00110001
00101000
00100101
00101010
NAME oceanchamber 38

TIL 39
01100000
11000000
01000010
10000010
00000000
00000000
00000000
00000001
NAME oceanchamber 39

TIL 40
00000000
00000000
00000000
00001000
01010010
10110010
00110100
00101000
NAME oceanchamber 40

TIL 41
00000000
00000000
00000000
00000000
00000000
00000010
00000101
00001010
NAME oceanchamber 41

TIL 42
00000000
00000000
00000000
01000000
00000000
10000000
00000000
00000000
NAME oceanchamber 42

TIL 43
00000000
00000000
00000000
00000000
00010000
00000000
00000000
00000000
NAME oceanchamber 43

TIL 44
00010100
00001000
00000000
00000000
00000000
00000000
00000001
10000010
NAME oceanchamber 44

TIL 45
00010001
00101010
01010001
00100010
01010100
11100001
00010101
10101010
NAME oceanchamber 45

TIL 46
10100000
00100000
00100000
01000000
01000000
01000000
01000000
10000000
NAME oceanchamber 46

TIL 47
00000000
00000000
00000100
00000110
00000010
00000001
00000001
00000000
NAME oceanchamber 47

TIL 48
00000001
00000010
00000011
00000100
00000100
10000010
10000111
10001010
NAME oceanchamber 48

TIL 49
00010100
10001000
01000000
10100000
00000000
10100000
01000000
10000000
NAME oceanchamber 49

TIL 50
00000000
00000000
00000000
00000000
00000000
00101000
01010000
10000000
NAME oceanchamber 50

TIL 51
00000000
00000000
00000100
00000000
00000000
00000000
00000000
00000000
NAME oceanchamber 51

TIL 52
00000001
00000010
00000101
00001010
00000100
00000000
00000101
00000010
NAME oceanchamber 52

TIL 53
01000010
00101000
01010010
10001001
01010100
10101001
01000010
10100101
NAME oceanchamber 53
WAL false

TIL 54
10000000
10000000
10000000
10000000
10000000
00000000
00000000
00000000
NAME oceanchamber 54

TIL 55
01010101
01000010
00101001
00101100
00010100
00011100
00011000
00011000
NAME oceanchamber 55

TIL 56
00000001
00000010
00000101
00000010
00000101
00001010
00000101
00000010
NAME oceanchamber 56

TIL 57
01010000
10100000
01000000
00000000
00000000
10000000
00000000
00000000
NAME oceanchamber 57

TIL 58
00001001
00000011
00000101
00000010
00100011
00000010
00000000
00000000
NAME oceanchamber 58

TIL 59
01010110
10101010
00000110
10011010
01000100
10101000
00000100
00010000
NAME oceanchamber 59

TIL 60
00000000
00000000
00000000
00000000
00000000
00000000
00000000
00000010
NAME oceanchamber 60

TIL 61
01010000
00000010
00000100
00001000
00010000
00000000
00000001
00000000
NAME oceanchamber 61

TIL 62
00000001
00000010
00000000
00000000
00000000
00000000
00000000
00000000
NAME oceanchamber 62

TIL 63
00001000
00001000
00000000
00000000
00010000
00010000
00000000
00100000
NAME oceanchamber 63

TIL 64
00000101
00000010
00000001
00000000
00000000
00000000
00000000
00000000
NAME oceanchamber 64

TIL 65
00010100
00111001
01010011
10101011
00000101
00001010
00010111
00001000
NAME oceanchamber 65

TIL 66
00011111
11111111
11111100
11111000
11100000
11000000
00000000
10000000
NAME oceanchamber 66

TIL 67
00001000
00001000
00000000
00000000
00000100
00000100
00000000
00001000
NAME oceanchamber 67

TIL 68
00000000
00100000
01000000
01000000
00000000
10000000
00000000
00000000
NAME oceanchamber 68

TIL 69
00010100
00000001
00000101
00000101
00000101
00000101
01000101
10111111
NAME oceanchamber 69

TIL 70
10000000
10000000
00000000
10000000
00000000
10000000
10001000
11110100
NAME oceanchamber sword

TIL 71
00001000
00001000
00000000
00001000
00000000
00000000
00010000
00000000
NAME oceanchamber 71

TIL 72
00000000
00000000
00000000
00000000
00000000
10000000
00000000
00000000
NAME oceanchamber 72

TIL 73
10100000
01011111
00001100
00001010
00001100
00000010
00001100
00001010
NAME oceanchamber 73

TIL 74
00010100
11101000
01000000
01000000
01000000
01000000
00000000
01000000
NAME oceanchamber 74

TIL 75
00000000
00100000
00000000
00100000
01000000
00000000
00000000
10000000
NAME oceanchamber 75

TIL 76
00001100
00001010
00001100
00001010
00001100
00001010
00001100
00001010
NAME oceanchamber 76

TIL 77
00000000
00000000
01000000
01000000
01000000
01000000
01000000
00000000
NAME oceanchamber 77

TIL 78
00000001
00000000
00000001
00000010
00000000
00000010
00000001
00000010
NAME oceanchamber 78

TIL 79
00000000
00000000
00000111
00001000
00010000
00100000
00010000
00101000
NAME oceanchamber 79

TIL 80
00000000
00000000
00010100
10100010
01000001
01000000
00100000
00100000
NAME oceanchamber 80

TIL 81
00000000
00000000
00000000
00000000
10000000
01000000
00101000
00010000
NAME oceanchamber 81

TIL 82
00000100
00000010
00000100
00001010
00001100
00001010
11101100
00011010
NAME oceanchamber 82

TIL 83
01000000
01000000
01000000
01000000
01000000
01000000
01001000
01110000
NAME oceanchamber 83

TIL 84
00000001
00000000
00000000
00000001
01010010
11000100
00101000
00010000
NAME oceanchamber 84
WAL true

TIL 85
00000000
00000000
00000000
11111000
00000100
00000011
00000010
00001100
NAME oceanchamber 85

TIL 86
00000001
00000000
00000000
00000000
00000000
00000000
10000000
01000000
NAME oceanchamber 86

TIL 87
00000000
00000000
01000000
00000000
00000000
10000000
00000010
00000000
NAME oceanchamber 87

TIL 88
00000000
00000000
00000000
00000000
00111111
00111111
00000000
00000000
NAME oceanchamber 88

TIL 89
00000000
00000000
00000000
00000111
11111111
11111110
00000000
11111011
NAME oceanchamber 89

TIL 90
01000100
00100011
00011000
11111111
11000000
00000000
11111111
11111111
NAME oceanchamber 90

TIL 91
00010000
00001000
00000000
11111000
01111111
00011111
11000000
11011110
NAME oceanchamber 91

TIL 92
00001100
00000000
00000111
00000000
11000000
11111111
11111111
00000000
NAME oceanchamber 92

TIL 93
00001110
11111110
11100000
00000000
11111111
00000000
11111110
00111111
NAME oceanchamber 93
WAL true

TIL 94
01100000
01100000
00001111
10000000
11110000
11110001
00000001
11111111
NAME oceanchamber 94
WAL true

TIL 95
00100000
01000001
00111010
01111111
00000001
10000000
11111100
11111111
NAME oceanchamber 95
WAL false

TIL 96
00110000
11000000
00000111
11110000
11111111
00111111
01111111
11111011
NAME oceanchamber 96
WAL true

TIL 97
00100000
01000000
10000000
00000000
11000111
11110111
11111111
11111110
NAME oceanchamber 97
WAL false

TIL 98
00000000
00000000
00000000
00000011
11111111
11111111
00000011
00111111
NAME oceanchamber 98
WAL false

TIL 99
00000000
00000000
00000000
00000000
11111100
11111100
11111100
01111100
NAME oceanchamber 99
WAL false

TIL b
00000000
00000000
01111111
11111111
00000000
00000000
11111110
11111111
NAME stairs
WAL false

TIL c
00010000
00010000
00010000
00010000
00010000
00010000
00010000
00010000
NAME i

TIL d
00101000
00101000
00101000
00101000
00101000
00101000
00101000
00101000
NAME ii

TIL e
00101010
00101010
00101010
00101010
00101010
00101010
00101010
00101010
NAME iii

TIL f
00101010
00101010
00101010
00101010
00101010
00101010
00100100
00100100
NAME iv

TIL g
00101000
00101000
00101000
00101000
00101000
00101000
00010000
00010000
NAME v

TIL h
00101010
00101010
00101010
00101010
00101010
00101010
00010010
00010010
NAME vi

TIL i
01010101
01010101
01010101
01010101
01010101
01010101
00100101
00100101
NAME vii

TIL j
01000000
01000000
01000000
01000000
01000000
01000000
01000000
01000000
NAME viii

TIL k
01010100
01010100
01010100
01001000
01001000
01010100
01010100
01010100
NAME ix

TIL mq
00000000
00000000
00000011
00010110
00000000
00001000
00100011
01010100
NAME broken-stairs-left
WAL true

TIL mr
00000000
00000000
11100000
10011000
01000000
00000000
10110000
00111100
NAME broken-stairs-right
WAL true

TIL ms
00000110
00001001
00001001
00100110
01010000
00100000
00000000
00000000
>
00001100
00010010
00010010
00001100
00100000
00000100
00001010
00000100
NAME bubbles1
WAL false

TIL mt
01000000
10100000
01000000
00001100
00010010
00010010
00001100
00000000
>
00000000
00100110
00001001
00001001
00000110
00100000
01010000
00100000
NAME bubbles2
WAL false

TIL mu
00000000
00000000
00100010
00100010
01000001
01001010
01010010
00110100
>
00000000
00000100
01000100
01000100
01000010
00101001
00101001
00110010
NAME algae

TIL mv
00000000
00000000
00000000
00000000
00000000
00000010
00011111
10111111
NAME hand

TIL mw
00000101
00000101
00000100
00000010
00000101
00000111
00111000
01000000
NAME sword1

TIL mx
00010000
00101000
00010000
00101000
00010000
00000000
00101000
00010000
NAME wall1
WAL true

TIL my
00000100
00000001
00010000
00101001
00010101
00110100
00100001
01001110
NAME lights1

TIL mz
00000000
00000000
01010010
10101001
01010010
00000000
00000000
00000000
NAME wall2
WAL true

TIL n0
00000000
00100000
00100000
00100100
10010100
10010010
01010100
01101000
NAME algae2

TIL n1
00001111
00000111
00001111
00001111
00001111
00001111
00001111
00001111
NAME ocean-ia 1

TIL n2
10000000
11000000
11110000
11110000
11111110
11111000
11110000
10110000
NAME ocean-ia 2

TIL n3
00000000
00000111
00001111
00001111
00011111
00111111
01111111
01111111
NAME ocean-ia 3

TIL n4
00000000
11111000
11111111
11111111
11111111
11111111
11111111
11111111
NAME ocean-ia 4

TIL n5
01111111
00001111
11000001
11111000
11111111
11111111
11111111
11111110
NAME ocean-ia 5

TIL n6
11111111
11111111
11111111
00111111
00001111
11100000
11110000
01110000
NAME ocean-ia 6

TIL n7
00000000
00000000
00000000
00000000
00000100
00000000
00001100
00000000
NAME ocean-ia 7

TIL n8
00000000
00000001
00000001
00000011
00000011
00000111
00000111
00001111
NAME ocean-ia 8

TIL n9
11111111
11111111
11111111
11111111
11111111
11111111
11111111
11111111
NAME ocean-ia 9

TIL na
11111100
11111100
11111100
11110000
11110000
11110000
11000000
10000000
NAME ocean-ia 10

TIL nb
00110111
01110011
01100000
01100000
01100000
11000000
11000000
00000000
NAME ocean-ia 11

TIL nc
00000000
00000000
00000000
00000000
00010000
00001000
00000000
00110000
NAME ocean-ia 12

TIL nd
00000100
00001000
00010000
00010000
00000000
00000000
00000000
00000000
NAME ocean-ia 13

TIL ne
00001111
00011111
00011111
00111111
00111111
01111111
11110111
11101111
NAME ocean-ia 14

TIL nf
11111111
11111111
11111111
11111110
11111111
11111111
11111111
11111111
NAME ocean-ia 15

TIL ng
00000000
10000000
00000000
00000000
00000000
00000000
10000000
10000000
NAME ocean-ia 16

TIL nh
00000001
00000001
00000001
00000001
00000001
00000001
00000001
00000011
NAME ocean-ia 17

TIL ni
00000001
00000000
00000011
00000111
00000111
00001111
00001110
00011110
NAME ocean-ia 18

TIL nj
11101111
11101111
00011111
10011111
10011111
00111111
00111111
01111111
NAME ocean-ia 19

TIL nk
10000011
00000110
10001111
10011001
10111001
11111111
11111111
11111111
NAME ocean-ia 20

TIL nl
00000011
00000011
00000011
00000111
00001111
00011111
01111111
10111111
NAME ocean-ia 21

TIL nm
00000000
00000000
00000000
00000000
00000000
00000000
00000111
00011111
NAME ocean-ia 22

TIL nn
00111100
00111100
00010000
00000000
00000000
10000000
10000000
00000100
NAME ocean-ia 23

TIL no
01111111
01111111
11111111
11111111
01111111
01111111
00111111
01111111
NAME ocean-ia 24

TIL np
10011111
11011111
11111111
11111111
11111111
11111111
11111110
11111110
NAME ocean-ia 25

TIL nq
00000000
00000001
00000000
00000011
00000111
00011111
00111111
01111111
NAME ocean-ia 26

TIL nr
10010000
00111111
11111111
11111111
11111111
11111111
11111111
11111111
NAME ocean-ia 27

TIL ns
00000000
00000000
11100000
11111101
11111111
11111111
11111111
11111111
NAME ocean-ia 28

TIL nt
00111111
11111111
11111111
11111111
11111111
11111111
11111111
11111111
NAME ocean-ia 29

TIL nu
01111111
11111111
11111111
11111111
11111111
11111111
11111111
11111111
NAME ocean-ia 30

TIL nv
11111111
11111110
11111110
10111110
11111111
11111110
11111110
11111110
NAME ocean-ia 31

TIL nw
00000000
00010000
00100000
00110000
00010000
00000000
00000000
00000011
NAME ocean-ia 32

TIL nx
00000001
00000011
00001111
00011111
00111111
01111111
11111111
11111111
NAME ocean-ia 33

TIL ny
11111111
11111111
11111111
00111111
11000000
11111000
11111110
11111111
NAME ocean-ia 34

TIL nz
11111111
11111111
11111111
11111111
00000111
00000011
00000000
11000000
NAME ocean-ia 35

TIL o0
11111111
11111111
11111111
11111111
11111111
11111111
11011111
00000111
NAME ocean-ia 36

TIL o1
11111110
11111110
11111100
11111100
11111100
11111100
11111100
11111110
NAME ocean-ia 37

TIL o2
00110111
01101111
00011111
10111111
01111111
01111111
11111111
11111111
NAME ocean-ia 38

TIL o3
11111111
11111111
11111111
11111111
11111111
11111101
11111101
11111111
NAME ocean-ia 39

TIL o4
11111111
11111111
11001001
11000000
11000000
11000000
11001000
11001000
NAME ocean-ia 40

TIL o5
11111111
11111111
11111111
01111111
00011111
00001111
00001111
00000111
NAME ocean-ia 41

TIL o6
11111000
11111110
11111111
11111111
11111111
11111111
11111111
11111111
NAME ocean-ia 42

TIL o7
01100000
00000000
11000000
11110000
11111100
11111110
11111110
11111111
NAME ocean-ia 43

TIL o8
00111111
00011111
00011111
00011111
00000111
00000011
00000000
00000000
NAME ocean-ia 44

TIL o9
00000011
00000011
00000111
00001111
00011111
00111111
01111111
01111111
NAME ocean-ia 45

TIL oa
11000000
11100000
11110000
11111000
11101111
11111101
11111111
11111111
NAME ocean-ia 46

TIL ob
00000111
00000111
00000111
00101111
10011111
10111111
11111111
11111111
NAME ocean-ia 47

TIL oc
11111111
11111111
11111111
11111110
11111110
11111100
11100000
11111111
NAME ocean-ia 48

TIL od
00000000
00000000
00000000
00000000
00000000
00000000
10000000
01000000
NAME ocean-ia 49

TIL oe
00000000
00000001
00000011
00000111
00001111
00111111
00111111
00111111
NAME ocean-ia 50

TIL of
11011111
10011111
10011111
00011111
00000000
00000000
00000000
10000000
NAME ocean-ia 51

TIL og
00000001
00000100
00001100
00000101
00000111
00000011
00010111
00001111
NAME ocean-ia 52

TIL oh
00111111
01111111
11111111
11111111
11111111
11111111
11111111
11111111
NAME ocean-ia 53

TIL oi
11000000
11000000
11100000
11110000
11111000
11111000
11111100
11111100
NAME ocean-ia 54

TIL oj
00000000
00000000
00000000
00000000
00000001
00000001
00000011
00000111
NAME ocean-ia 55

TIL ok
00011111
00011111
00111111
11111111
11111111
11111111
11111111
11111111
NAME ocean-ia 56

TIL ol
11111110
11111110
11111110
11111111
11111111
11111111
11111111
11111111
NAME ocean-ia 57

TIL om
00001111
00011111
00111111
00111111
01111111
11111111
11111111
11111111
NAME ocean-ia 58

TIL on
11111111
11111111
11111111
11110011
11110011
11111111
11111111
11111111
NAME ocean-ia 59

TIL oo
00000111
00000101
00001100
00001100
00011100
00111100
00111100
10111100
NAME ocean-ia 60

TIL op
10111100
11111100
11111100
11111100
11111100
11111000
11110000
11110000
NAME ocean-ia 61

TIL oq
11111111
11111111
11111111
11111111
11111110
11111110
11111110
01111100
NAME ocean-ia 62

TIL or
01110000
00110000
00110000
00110000
00110000
00110000
00110000
00110000
NAME ocean-ia 63

TIL os
10111111
10011111
00011111
00011110
00011110
00111111
01111101
11110001
NAME ocean-ia 64

TIL ot
01111000
01111000
01110000
01110001
01110011
11111111
11111111
11011111
NAME ocean-ia 65

TIL ou
00100000
10100000
10000000
11100000
11100000
11100000
11110000
11110000
NAME ocean-ia 66

TIL ov
00000000
00000000
00000000
00000000
00000000
00000000
00000000
00111110
NAME moon1

TIL ow
00000000
00000000
00000000
00000000
00000000
00000000
00000000
10000000
NAME moon2

TIL ox
00000000
00000000
00000000
00000001
00000001
00000001
00000001
00000000
NAME moon3

TIL oy
01111101
11111010
11111101
11111010
11110101
11111110
11110101
11111010
NAME moon4

TIL oz
01000000
10000000
01000000
10100000
01000000
10100000
01000000
10100000
NAME moon5

TIL p0
11111101
00111010
00000100
00000000
00000000
00000000
00000000
00000000
NAME moon6

TIL p1
01000000
10000000
00000000
00000000
00000000
00000000
00000000
00000000
NAME moon7

TIL p2
00000000
00000000
00000000
00000000
00000000
00000000
00000000
01100000
NAME ocean-ia 74

TIL p3
00000000
00000000
00000000
00000000
00000000
00000000
11001100
00001111
NAME ocean-ia 75

TIL p4
00000000
00000000
00000000
00000000
00000000
01110000
11111000
11111111
NAME ocean-ia 76

TIL p5
00000000
00000000
00011100
00111110
01111111
01111110
11111111
11011111
NAME ocean-ia 77

TIL p6
00000000
00000000
00000000
00000000
00000000
00000000
00001000
00000000
NAME ocean-ia 78

TIL p7
00000000
00000000
00000011
00011111
00000000
00000000
00000000
00000000
NAME ocean-ia 79

TIL p8
00000000
00111100
11111111
11110000
00000011
00001110
00000000
00000000
NAME ocean-ia 80

TIL p9
00000000
00111111
11111111
11011111
11110000
00000000
00000000
00000000
NAME ocean-ia 81

TIL pa
00000111
10001111
11111111
11111111
11111111
00000001
00000000
00000000
NAME ocean-ia 82

TIL pb
11111111
11111111
11011111
11111111
11110001
11111111
00011111
00000000
NAME ocean-ia 83

TIL pc
11101111
11110101
11111110
11111111
11111001
01111111
10000000
00000000
NAME ocean-ia 84

TIL pd
00000111
00111011
01111111
11111111
10111111
11111011
11111111
11111011
NAME ocean-ia 85

TIL pe
11110000
11111000
11111100
11111110
11111111
11111111
11111111
11111111
NAME ocean-ia 86

TIL pf
00000000
00000000
00000011
00111111
11111111
00111110
11111111
11111111
NAME ocean-ia 87

TIL pg
00000000
00000000
11111000
11111100
11111111
01111111
11111111
11111111
NAME ocean-ia 88

TIL ph
00000000
00000000
00100000
11111100
11111100
11111100
11111111
00000000
NAME ocean-ia 89

TIL pi
00001000
01100000
00000000
00000000
00000000
11100000
11000000
01111110
NAME ocean-ia 90

TIL pj
00000000
00000000
00000000
00000000
00000000
00100000
00000000
00000000
NAME ocean-ia 91

TIL pk
01100000
00000000
00000000
00000000
00000000
00000000
00000000
00000000
NAME ocean-ia 92

TIL pl
00000000
01000000
00000000
00010000
00000000
00000000
00000000
00000000
NAME ocean-ia 93

TIL pm
00100000
00000001
00000000
00000000
00000000
00000000
00000000
00000000
NAME ocean-ia 94

TIL pn
00000000
00000000
00100000
00000000
00000000
00000000
00000000
00000000
NAME ocean-ia 95

TIL po
00000000
00010100
10101000
00000000
00000000
00000000
00000000
00000000
NAME ocean-ia 96

TIL pp
00000000
00000000
10111111
00000000
00000111
00000000
00000000
00000000
NAME ocean-ia 97

TIL pq
00000000
00000000
11111110
00111111
11111100
00011111
00000000
11111111
NAME ocean-ia 98

TIL pr
00000000
00000000
11111111
00010101
00000001
11111000
00000000
11110000
NAME ocean-ia 99

TIL ps
00000000
00000101
11111110
01111110
10000000
00011111
00000000
00000000
>
00000000
00000101
11111110
01111110
10000000
00111000
00000000
00000000
NAME ocean-ia 100

TIL pt
00000000
01010000
10101000
00000000
00000000
00000000
00000000
00000000
NAME ocean-ia 101

TIL pu
00000000
00000000
00010000
00000000
00000000
00000000
00000000
00000000
NAME ocean-ia 102

TIL pv
00000000
00000000
10100000
00000000
00000000
00000000
00000000
00000000
NAME ocean-ia 103

TIL pw
00000000
00000000
00000001
00000000
00000000
00000000
00000000
00000000
NAME ocean-ia 104

TIL px
00000000
00000000
00000010
00000000
00000000
00000000
00000000
00000000
>
00000000
00000000
00000010
00000000
00000000
00000000
00000000
00000000
NAME ocean-ia 105

TIL py
00000000
00000000
00000000
00000000
00000000
00000011
00000000
00000001
>
00000000
00000000
00000000
00000000
00000000
00000000
00000000
00000000
NAME ocean-ia 106

TIL pz
11111111
00001111
00000111
00000000
00000000
10111111
01111111
11111111
>
00111111
00000111
00011111
00000000
00000000
00111111
01111111
11111111
NAME ocean-ia 107

TIL q0
11111000
11111100
11111111
00000000
00000000
11111100
11111100
11111000
>
11111000
11111100
11111111
00000000
00000000
11111110
11110000
11111000
NAME ocean-ia 108

TIL q1
00000000
00000000
10000000
00000000
00000000
00000000
00000000
00000000
>
00000000
00000000
00000000
00000000
00000000
00000000
00000000
00000000
NAME ocean-ia 109

TIL q2
00000000
00000011
00000000
00000000
00011111
00000000
00000000
00000000
>
00000000
00001111
00000000
00000000
00000111
00000000
00000000
00000000
NAME ocean-ia 110

TIL q3
00000000
11111111
00000000
00000000
11111111
00111100
00111111
00000000
NAME ocean-ia 111

TIL q4
00000000
11110000
00000000
00000000
11100000
00000000
11111111
01111100
>
00000000
11100000
00000000
00000000
11110000
00000000
11111111
01111100
NAME ocean-ia 112

TIL q5
00000001
00000000
00011111
00000000
00000000
00000111
00000000
11111111
>
00000000
00000000
00000111
00000000
00000000
00111111
00000000
00011111
NAME ocean-ia 113

TIL q6
11100000
00011111
11111111
00000000
00000000
11111111
11111111
11111111
NAME ocean-ia 114

TIL q7
00000000
11111000
11111110
00000000
00000000
11111110
11111000
11111110
>
00000000
11111100
11111110
00000000
00000000
11111100
11100000
11111111
NAME ocean-ia 115

TIL q8
00000001
00000000
00001111
00000000
00000000
00000000
00000000
00000000
>
00000001
00000000
00000111
00000000
00000000
00000000
00000000
00000000
NAME ocean-ia 116

TIL q9
11111111
00001111
11111000
00000000
00000000
00000000
00000000
00000000
NAME ocean-ia 117

TIL qa
11111111
11111000
00000000
00000000
00000000
00000000
00000000
00000000
NAME ocean-ia 118

TIL qb
00000000
00000000
00000000
10101011
01010101
00101010
00000000
00000000
NAME ocean-ia 119

TIL qc
00000000
00000000
10000000
00000000
00000000
10100000
00000000
10101010
NAME ocean-ia 120

TIL qd
00000000
00000000
00000000
00000000
00000000
10101010
00000000
10100010
NAME ocean-ia 121

TIL qe
00000000
00000000
00000000
00000000
00010101
00101010
00000101
10101000
NAME ocean-ia 122

TIL qf
00000000
00000000
01010101
00000000
01010000
10000000
01100000
00000000
NAME ocean-ia 123

TIL qg
00000000
10101100
01010001
10101000
00000000
00000000
00000000
00000000
NAME ocean-ia 124

TIL qh
00000000
00000000
01000000
00100000
01010100
00001010
00000000
00000000
NAME ocean-ia 125

TIL qi
00000000
00000000
00000000
00000000
00000000
00101000
00010101
00000000
NAME ocean-ia 126

TIL qj
00000000
00000000
00000000
00000000
00000000
00000000
01000000
00000000
NAME ocean-ia 127

TIL qk
00000000
00000000
00000000
00000000
00000000
00000000
00000000
10101010
NAME ocean-ia 128

TIL ql
00000000
00000000
00000000
00000000
00000000
00000000
00000000
00001010
NAME ocean-ia 129

TIL qm
00000000
00000000
00000000
00000000
00000000
00101010
01000101
10101010
NAME ocean-ia 130

TIL qn
00000000
00000000
00000000
00000000
00000101
10000010
01010100
00000000
NAME ocean-ia 131

TIL qo
00000000
00000000
00000101
00001010
01010101
11100000
00000000
00000000
NAME ocean-ia 132

TIL qp
00000000
00101010
01010101
10101000
01000101
00000000
00000000
00000000
NAME ocean-ia 133

TIL qq
00000000
10000000
01010110
10000000
01010101
00000000
00000000
00000000
NAME ocean-ia 134

TIL qr
00000000
00001010
00000001
00000000
00000000
00000000
00000000
00000000
NAME ocean-ia 135

TIL qs
00000000
00100000
01100000
00000000
00000000
00000000
00000000
00000000
NAME ocean-ia 136

TIL qt
01010000
00001010
00000000
00000000
00000000
00000000
00000000
00000000
NAME ocean-ia 137

TIL qu
00000000
10101010
00010101
00001010
00000000
00000000
00000000
00000000
NAME ocean-ia 138

TIL qv
00010000
10001010
01010100
00000000
00000000
00000000
00000000
00000000
NAME ocean-ia 139

TIL qw
00010101
00000000
00000000
00000000
00000000
00000000
00000000
00000000
NAME ocean-ia 140

TIL qx
00000000
00000000
00000000
10101011
01010101
00101010
00000000
00000000
>
00000000
00000000
00000000
00000000
01000000
10101011
01010101
00001010
NAME wave1
WAL true

TIL qy
00000000
00000000
00000000
01000000
10100001
01010100
00001011
00000000
>
00000100
01000000
00000010
00000000
01000000
10100001
01010100
00001011
NAME wave2
WAL true

TIL qz
00000000
00000000
00000000
10000001
01000110
10100001
01010100
00001011
>
00000000
00000000
01000000
00001001
10001010
01000101
10101010
00010001
NAME wave3
WAL true

TIL r0
00000011
00000101
00011010
10100000
01000000
10100000
01000000
00000000
>
00010000
00000011
00000101
00011010
10100000
01001001
10100100
01000000
NAME wave4
WAL true

TIL r1
10100000
00000000
10100000
01010101
00101010
00000100
00000000
00000000
>
00000000
10000000
00100000
00000000
10000001
00101010
00010100
00001000
NAME wave5
WAL true

TIL r2
00000000
00000000
00000000
10101011
01010101
00101010
00000000
00000000
NAME wave-door
WAL false

TIL r3
00010000
00000000
01010000
00010010
01010010
01010100
00110101
00110110
NAME grass1

TIL r4
00000000
00000000
00000000
00000000
10000000
01000010
01010100
00111010
NAME grass2

TIL r5
10010010
01001001
00100100
00010000
00001000
00100100
10010000
01001000
>
00000010
00000001
00100100
10010010
01001001
00100100
10010010
01000001
NAME rain1

TIL r6
00111000
00110100
01101000
01111101
11111111
11111010
01111111
00000000
NAME cloud1

TIL r7
00111100
01111000
11111110
11111111
11111111
11111111
00111111
00001110
NAME cloud2

TIL r8
00000000
00000000
00100001
00000111
00000111
00111111
00001111
11000001
NAME cloud3

TIL r9
00000000
10000110
00110000
01111000
11111101
11111100
00110000
00000000
NAME cloud4

TIL ra
11111111
11111111
11111111
11111111
11111111
11111111
11111111
11111111

TIL rb
00000000
00000000
01101100
10010010
00000000
00000000
00000000
00000000
>
00000000
00000000
00000000
00110110
01001001
00000000
00000000
00000000
NAME birds1

TIL rc
11111111
11111111
11111010
11111111
01110110
00110111
00000111
00001111
NAME stormocean 1

TIL rd
11111111
11111111
11111111
11111111
11111010
11101100
11011000
11110000
NAME stormocean 2

TIL re
11111111
11111111
11111111
11111111
01101111
00111111
00101111
00110111
NAME stormocean 3

TIL rf
11111111
11101111
11010101
11101010
11110101
11111111
11111111
11111111
NAME stormocean 4

TIL rg
11111111
11111111
11111111
11101111
11110111
10101010
11111111
11111111
NAME stormocean 5

TIL rh
11111111
11111111
11111111
11111111
01111111
10101011
11111111
11111111
NAME stormocean 6

TIL ri
11111111
11111111
11111111
11111111
11111111
10111110
11010101
11101010
NAME stormocean 7

TIL rj
11111111
11111111
11111111
11111111
11111111
10111111
01010111
10101111
NAME stormocean 8

TIL rk
11111111
11111111
11111111
11111111
11111111
11111111
11111111
11111110
NAME stormocean 9

TIL rl
11111111
11111111
11111111
11111111
11111111
11111111
11011111
10111111
NAME stormocean 10

TIL rm
11111111
11111111
11111111
11111111
11111111
11111111
11111111
01101011
NAME stormocean 11

TIL rn
11111111
11111111
11111111
11111111
11111111
11101011
11010101
10101010
NAME stormocean 12

TIL ro
11110101
11101010
11110101
11111010
11010101
11101010
01010101
10101011
NAME stormocean 13

TIL rp
11110111
10101111
01011111
10111111
01111111
11111111
11111111
11111111
NAME stormocean 14

TIL rq
11111101
11111110
11111101
11111111
11111101
11111110
11110101
11111010
NAME stormocean 15

TIL rr
00100010
00101011
00110101
01111010
00000101
00000010
00000001
00000000
NAME stormocean 16

TIL rs
01000000
11100010
01110111
10110011
01110101
10111011
01000101
00000010
NAME stormocean 17

TIL rt
00001111
11000011
11110001
11111111
11111111
11111111
01011111
10101111
NAME stormocean 18

TIL ru
11111010
00000001
10000010
01110010
11100101
11011010
11000101
10000010
NAME stormocean 19

TIL rv
11110111
11111111
11111111
11111111
01111010
10111111
01011111
10101110
NAME stormocean 20

TIL rw
11111111
11101111
10010111
01001111
00100011
00111011
01010101
01011110
NAME stormocean 21

TIL rx
11010101
11101010
11111101
11111110
11111111
11111111
11111111
11111111
NAME stormocean 22

TIL ry
01010101
10101010
01010101
10101011
11111111
11111111
11111111
11111111
NAME stormocean 23

TIL rz
11111111
10101010
11111111
11111111
11111111
11111111
11110111
11101111
NAME stormocean 24

TIL s0
01010101
10101010
11010101
10101010
11010101
11111010
11111111
11111111
NAME stormocean 25

TIL s1
11010101
11101010
01010111
00101110
01111110
11111111
11111011
11111111
NAME stormocean 26

TIL s2
01010101
10101010
11111101
11111111
11111111
11111111
11111111
11111111
NAME stormocean 27

TIL s3
01011111
10111111
11111111
11110111
11111111
11111111
11111110
11101000
NAME stormocean 28

TIL s4
11111111
11101111
11111111
11101011
11010101
11001010
00000101
00000010
NAME stormocean 29

TIL s5
11111111
11111110
11110101
11101010
01010101
10101010
01010101
10101010
NAME stormocean 30

TIL s6
11010101
10101010
01010101
10101010
01010001
10100010
01010101
10101100
NAME stormocean 31

TIL s7
00100001
10000000
11000001
00000000
00000000
00000000
00000000
00000000
NAME stormocean 32

TIL s8
01010100
10101000
01010000
00000000
00000000
00000000
00000000
00000000
NAME stormocean 33

TIL s9
01011000
10101100
00000000
00000000
00000000
00000000
10100000
00000000
NAME stormocean 34

TIL sa
01010101
00111011
00010101
00001010
00001101
00000010
00000111
00000000
NAME stormocean 35

TIL sb
01111111
11101111
01110111
10111011
01010101
10101010
01010110
10101100
NAME stormocean 36

TIL sc
11111111
11110000
11000000
10100000
00000000
00000000
00000000
00000000
NAME stormocean 37

TIL sd
01110111
00101010
01010101
00101010
00010101
00100000
00010101
00101011
NAME stormocean 38

TIL se
01111111
10111111
01110111
10111010
01011101
10101010
01010101
10001010
NAME stormocean 39

TIL sf
11111111
11111111
11011111
10101111
11011101
10101010
01010101
10101010
NAME stormocean 40

TIL sg
11111111
11111110
11111101
11111010
01010101
00101011
01010100
10110000
NAME stormocean 41

TIL sh
11110110
10101010
01010110
10001000
01010000
10100000
00000000
00000000
NAME stormocean 42

TIL si
00000011
00000000
00000000
01000000
00110000
01110000
00000000
00000000
NAME stormocean 43

TIL sj
01010000
00000000
00000000
00000000
00000000
00000100
00000000
00000000
NAME stormocean 44

TIL sk
00000000
00000000
00000010
00000100
00000000
00000000
00000000
00000000
NAME stormocean 45

TIL sl
00000000
00000000
00000000
01111000
11111100
11111110
11011110
11111110
NAME stormocean 46

TIL sm
00000000
00000000
00000000
00000000
00000000
00000000
00000000
00000011
NAME stormocean 47

TIL sn
00000000
00000100
00000000
00000000
00000000
00000000
00000000
00000000
NAME stormocean 48

TIL so
00000101
00000000
00000000
00010000
00000000
00000000
00000000
00000000
NAME stormocean 49

TIL sp
01010101
10101000
00000000
00000000
00000000
00000000
00000000
00000000
NAME stormocean 50

TIL sq
00000000
00000000
00000000
00000000
00000011
00000100
11111110
00110111
NAME stormocean 51

TIL sr
00000000
00000000
00011111
00011001
10011110
01111110
01111111
11111010
NAME stormocean 52

TIL ss
11111111
11111111
11011111
11101111
01110111
10101111
01000100
10101010
NAME stormocean 53

TIL st
11100010
11111111
11111110
11110111
11111011
11111111
11111111
10111111
NAME stormocean 54

TIL su
10000000
10000000
10000000
11000000
01100000
01111110
11111111
11111111
NAME stormocean 55

TIL sv
00000000
00000000
00000000
00000000
00000000
00000000
11000000
11000000
NAME stormocean 56

TIL sw
00000000
00000000
00000000
00000000
00000000
00000000
00000101
00011010
NAME stormocean 57

TIL sx
00000000
00000000
00001110
00011011
00111111
00111111
00111111
00111011
NAME stormocean 58

TIL sy
00000000
00000000
00000000
00000000
00000000
10001111
10011011
11111011
NAME stormocean 59

TIL sz
00000000
00000000
00000001
00000001
11110001
01101010
01101110
01101000
NAME stormocean 60

TIL t0
11110101
11111111
10111101
11111111
11111101
10101010
01010101
10101010
NAME stormocean 61

TIL t1
11010101
11001010
11110101
11101010
01010101
10101010
01010101
10101010
NAME stormocean 62

TIL t2
01010101
10101010
01010101
10101010
01010101
00001110
00010101
00001000
NAME stormocean 63

TIL t3
01111101
10101110
01010101
10001111
01010101
10101010
01000000
00000000
NAME stormocean 64

TIL t4
01111111
11111111
01010111
11001010
01010111
00001000
00000111
00000000
NAME stormocean 65

TIL t5
11101110
11101001
01111111
10101010
01110101
10101010
01010101
00111000
NAME stormocean 66

TIL t6
00000000
11110000
01111111
00101110
01010101
10000110
00000011
00000000
NAME stormocean 67

TIL t7
11100000
00000000
00000000
01110100
00111000
00000000
10000000
00000000
NAME stormocean 68

TIL t8
00000000
00000000
00110000
00100000
00000000
00000000
00000000
00000000
NAME stormocean 69

TIL t9
00111011
00111011
00011111
00011010
00010100
00101010
01010101
00000000
NAME stormocean 70

TIL ta
11111101
11101010
11110101
10101010
01010101
10100000
01000000
00000000
NAME stormocean 71

TIL tb
01111001
10101010
01010111
10101010
00110001
10000000
00000000
00000000
NAME stormocean 72

TIL tc
01010101
10111010
01010101
10101000
10000000
00000000
00000000
00000000
NAME stormocean 73

TIL td
01010001
10101000
00000000
00000000
00000000
00000000
00000000
00000000
NAME stormocean 74

TIL te
01000001
10101000
11010000
01100000
00000000
00000000
00000000
00000000
NAME stormocean 75

TIL tf
00011100
01111000
11110000
11110000
11110000
11110000
11110000
11110000
NAME moon2-1

TIL tg
11111000
01111100
00011110
00000000
00000000
00000000
00000000
00000000
NAME moon2-2

TIL th
00000000
00000000
00000000
00000000
00000111
00110101
01111111
00111111
>
00000000
00000000
00000000
00000000
00000011
00011010
00111111
00011111
NAME boat1

TIL ti
00000000
00000000
00100000
00000000
00100000
00101000
11111100
11111000
>
00000000
00100000
00010000
00000000
10010000
10010100
11111110
11111100
NAME boat2

TIL tj
00000000
00000111
00011111
00111111
01111111
11111111
11111111
11111111
NAME sunset1

TIL tk
00000000
11100000
11111000
11111100
11111110
11111111
11111111
11111111
NAME sunset2

TIL tl
00000000
00000000
00011000
00100100
00011000
00000010
00000101
00000010
>
00000000
00000000
00000000
00011000
00000000
00000000
00000010
00000000
NAME surfacebubble

TIL tm
00001000
00000000
01000000
00000000
00000100
00000000
00100000
00000000
NAME feet

TIL tn
00000000
00000000
00000000
00000000
00000000
00000000
00000000
00000000
NAME emptywall
WAL true

TIL to
00000000
00000000
00000000
00110111
11011111
11111111
11111101
11111111
NAME highclouds 1

TIL tp
00000000
00000000
00000000
00000000
10000000
10000000
11000110
11101010
NAME highclouds 2

TIL tq
00000000
00000000
00000000
00000000
00000000
11111110
11111111
11011110
NAME highclouds 3

TIL tr
00000000
00000000
00000000
00000000
00000000
00000000
00000010
10000000
NAME highclouds 4

TIL ts
00000000
00000000
00000000
00000000
00000000
00000000
00000000
01000000
NAME highclouds 5

TIL tt
00000000
00000000
00100000
01000000
00000011
00000111
00000000
00000000
NAME highclouds 6

TIL tu
00000000
00000000
01111000
11011111
11101111
11111111
00000000
00000000
NAME highclouds 7

TIL tv
01111000
11110101
11111111
11111111
11111100
11100000
00000000
00000000
NAME highclouds 8

TIL tw
01111001
11111111
11111111
11111111
00110011
00000000
00000000
00000000
NAME highclouds 9

TIL tx
11111000
11111000
11111100
11111000
11000000
00000000
00000000
00000011
NAME highclouds 10

TIL ty
00000000
00000000
00000000
00000000
00000100
00011010
00111111
10111111
NAME highclouds 11

TIL tz
00000000
00000000
00000000
00000001
00000011
00011111
11011111
11111111
NAME highclouds 12

TIL u0
01100111
11111111
11111111
11111111
11111111
11111111
11111111
11001111
NAME highclouds 13

TIL u1
11111100
10011110
11111110
11111110
01111111
11111111
11111111
11111111
NAME highclouds 14

TIL u2
11111111
11111111
11111111
11111111
11111111
01111111
11111011
11111100
NAME highclouds 15

TIL u3
11111111
11111111
11011110
11111111
11111111
11111110
00000000
00000000
NAME highclouds 16

TIL u4
01110011
11111111
11111111
11111111
11111011
00000000
00000000
00000000
NAME highclouds 17

TIL u5
11111111
11011111
11111111
11111111
11111111
11111000
00000000
00000000
NAME highclouds 18

TIL u6
10111111
11111000
11111111
11111101
01111100
00000000
00000000
00000000
NAME highclouds 19

TIL u7
00000000
11000000
11100010
11111111
00000000
00000000
00000000
00000000
NAME highclouds 20

TIL u8
00000000
00000000
00000000
11110000
00000000
00000000
00000000
00000000
NAME highclouds 21

TIL u9
00000000
00000001
00000000
00000000
00000000
00000000
00000000
00000000
NAME highclouds 22

TIL ua
00000000
00000000
00000111
00011100
00000000
00000000
00000000
00000000
NAME highclouds 23

TIL ub
00000000
00111000
11111111
00011111
01000000
00000000
00000000
00000000
NAME highclouds 24

TIL uc
00000000
00000011
11111111
11100000
00000000
00000000
00000000
00000000
NAME highclouds 25

TIL ud
00011110
11111110
11111111
11111110
00011000
00000000
00000000
00000000
NAME highclouds 26

TIL ue
11111111
11101111
11111111
01111111
00001111
00000000
00000000
00111000
NAME highclouds 27

TIL uf
10111111
11101111
11111111
11111100
11110000
01101111
00000000
00000000
NAME highclouds 28

TIL ug
11111011
11111111
10111111
11111011
10000001
00000000
00000000
00000000
NAME highclouds 29

TIL uh
11111111
11111111
11111111
11111110
11101111
00111111
00000000
00000000
NAME highclouds 30

TIL ui
00000000
00100000
01110100
00100100
00001110
00000100
00000100
00000000
>
00000000
00000100
00101110
00100100
01110000
00100000
00100000
00000000
NAME stars

TIL a
00000000
00000000
00000001
00000011
00000011
00000001
00000100
00001110
NAME church1 1

TIL l
00000000
00000000
10000000
11000000
11000000
10000000
00100000
01110000
NAME church1 2

TIL m
00000100
00000000
00011000
00111100
00111100
01111110
01111110
01111110
NAME church1 3

TIL n
00100000
00000000
00011000
00111100
00111100
01111110
01011110
01111110
NAME church1 4

TIL o
00000011
00000111
00000111
00000011
00001000
00011100
00001000
00000000
NAME church1 5

TIL p
00000000
10000000
10000000
00000000
01000000
11100000
01000000
00000000
NAME church1 6

TIL q
01111110
01111110
01111110
01111110
01111110
01101110
01111110
01101110
NAME church1 7

TIL r
01011110
00111111
01011110
00111111
01011110
00111110
01011110
00111111
NAME church1 8

TIL s
00000000
00000001
00000001
00000000
10000010
01000111
10100010
01000000
NAME church1 9

TIL t
11000000
11100000
11100000
11000000
00010000
00111000
00010000
00000000
NAME church1 10

TIL u
00000000
00000000
00000000
00000000
00000000
00001000
00011100
00001100
NAME church1 11

TIL v
00000000
00000000
00000000
00000000
00000000
01000000
11100000
11100000
NAME church1 12

TIL w
00110000
01111000
01111000
11111100
11111100
11111100
11111100
10111100
NAME church1 13

TIL x
00110000
01111000
01111000
11111100
11111100
11111100
01111100
10111100
NAME church1 14

TIL y
01111110
01101110
01011110
01101110
01011110
01101111
01011110
01101110
NAME church1 15

TIL z
01011110
00111111
11011110
01111110
01011110
01111111
11011110
01111110
NAME church1 16

TIL 1a
10101100
00011110
10011110
01111111
00111111
00111111
10111111
00111111
NAME church1 17

TIL 1b
00001100
00011110
00011110
00111111
00111111
00111111
00111111
00111111
NAME church1 18

TIL 1c
00000000
00000000
00000000
00000000
00000000
00000010
00000111
00000111
NAME church1 19

TIL 1d
00000000
00000000
00000000
00000000
00000000
00010000
00111000
00111000
NAME church1 20

TIL 1e
00011100
00001101
00010100
00001100
00010110
00011101
00010110
00001101
NAME church1 21

TIL 1f
11100000
11100000
11100000
11100000
11100000
11110000
11101000
11110100
NAME church1 22

TIL 1g
11111100
10111100
11111100
10111100
11111100
10111100
11111100
10111100
NAME church1 23

TIL 1h
01111100
10111100
01111100
10111100
01111100
10111100
01111100
10111100
NAME church1 24

TIL 1i
01011110
01101110
01011110
01101111
01011110
01101111
01011110
01101110
NAME church1 25

TIL 1j
01011110
01101111
01010110
01111011
11011100
01111110
11010110
01111010
NAME church1 26

TIL 1k
00110111
00111111
10110111
01111111
10110111
00111111
00110111
00111111
NAME church1 27

TIL 1l
00111111
00111111
10111111
00111111
10011111
01101111
00011111
00101111
NAME church1 28

TIL 1m
00000111
00000111
00000111
00000111
00000111
00000111
00000111
00000111
NAME church1 29

TIL 1n
00111000
00111000
00111000
00111000
00011000
00111000
00011000
00111000
NAME church1 30

TIL 1o
00010100
00001100
00010100
00001100
00010100
00001100
00010100
00011100
NAME church1 31

TIL 1p
11101010
11110001
11101000
11100101
11100010
11110000
11101000
10110100
NAME church1 32

TIL 1q
01111100
10101100
11011100
10101100
01010100
10111000
01011100
10101000
NAME church1 33

TIL 1r
01111100
10111100
01111100
10111100
11111100
10111100
11111100
10111100
NAME church1 34

TIL 1s
01011110
01111110
01011110
01111110
01011110
01111110
01011110
01111110
NAME church1 35

TIL 1t
01011100
01111110
01011110
01111111
01011110
01101111
01010110
00101011
NAME church1 36

TIL 1u
00010111
00101111
00010111
00101011
10110101
01101010
10111101
01101111
NAME church1 37

TIL 1v
10011111
01101111
00011111
00111111
00011111
00111111
00011111
00111111
NAME church1 38

TIL 1w
00000111
00000111
00001101
00000111
00001101
00000011
00000101
00000011
NAME church1 39

TIL 1x
00011000
00111000
00011000
00111000
10011000
01111000
10011000
01111000
NAME church1 40

TIL 1y
00010100
00011100
00011100
00001100
00011100
00001100
00011100
00001100
NAME church1 41

TIL 1z
11101010
10110100
11101000
10100100
11100010
10100000
11100000
10100000
NAME church1 42

TIL 2a
01010100
10111000
11011100
11111100
11011100
10101000
11011100
10111100
NAME church1 43

TIL 2b
11111100
10111100
11011100
10111100
01011100
10101100
11010100
10101100
NAME church1 44

TIL 2c
01011110
01101110
01011110
01101111
01011110
01101110
01011110
00111110
NAME church1 45

TIL 2d
01010110
00111110
01011100
00101110
11010110
01111010
11011100
01111110
NAME church1 46

TIL 2e
10111111
01101111
00110111
00101111
00010111
00101111
00010111
00101111
NAME church1 47

TIL 2f
00011111
00111111
00011111
00111111
10011111
01111111
10011111
01101111
NAME church1 48

TIL 2g
00000101
00000011
00000101
00000011
00000101
00000011
10000101
00000010
NAME church1 49

TIL 2h
10011000
01111100
00011010
00111101
00011010
00111100
00111010
00111001
NAME church1 50

TIL 2i
00000000
00000000
00000000
00000000
10000000
01000000
10100000
01010000
NAME church1 51

TIL 2j
00011100
00001100
00011100
00001100
00011100
00001100
00011100
00011100
NAME church1 52

TIL 2k
11100000
10100000
11100000
10110100
01101010
10100100
01101000
10100100
NAME church1 53

TIL 2l
11011100
10111100
01011100
10111100
01111100
10111100
01111100
10111100
NAME church1 54

TIL 2m
11010100
10111100
11010100
10111000
11011100
10101100
01110100
10111000
NAME church1 55

TIL 2n
01011110
00111111
01011110
00101111
01011110
00111111
01011110
00111110
NAME church1 56

TIL 2o
01011110
01101110
11011110
01101111
01011110
01101110
11011110
01101111
NAME church1 57

TIL 2p
00011111
00101011
00110111
00101011
10111111
01101011
00111101
00101010
NAME church1 58

TIL 2q
00011111
00101111
00011111
00101111
00011111
00101111
00011111
00101111
NAME church1 59

TIL 2r
00000101
00000011
00000111
00000010
00000111
00000011
00000111
00000011
NAME church1 60

TIL 2s
00011000
00111000
00011000
00101001
00010000
00101000
00010000
00101000
NAME church1 61

TIL 2t
10101000
01000100
00100010
00010001
10001000
01000100
00100000
00010000
NAME church1 62

TIL 2u
00000000
00000000
00000000
00000000
10000000
00000000
00000000
00000000
NAME church1 63

TIL 2v
00011100
00011100
00000000
00000000
00000000
00000000
00000000
00000000
NAME church1 64
WAL true

TIL 2w
01100010
11100000
00000000
00000000
00000000
00000000
00000000
00000000
NAME church1 65
WAL true

TIL 2x
01111100
10111100
01011100
10111100
11011100
10111101
11011100
00000000
NAME church1 66
WAL true

TIL 2y
11011100
10101100
11010100
11101100
01110100
11111000
11111100
01000000
NAME church1 67
WAL true

TIL 2z
01011110
01111110
01010110
01101010
01011100
01101110
01011110
00010100
NAME church1 68
WAL true

TIL 3a
01011110
01101111
01011110
01101111
01111110
01111110
01111110
00000000
NAME church1 69
WAL true

TIL 3b
10111111
01101011
10111111
01101011
10111111
01111011
00111111
00000101
NAME church1 70
WAL true

TIL 3c
00011111
00101111
00011111
00101111
10011111
01101111
10111111
01000101
NAME church1 71
WAL true

TIL 3d
00000111
00000111
00000000
00000000
00000000
00000000
00000000
00000000
NAME church1 72
WAL true

TIL 3e
00110000
00111000
00000000
00000000
00000000
00000000
00000000
00000000
NAME church1 73
WAL true

TIL 3f
00001000
00000000
00000000
00000000
00000000
00000000
00000000
00000000
NAME church1 74
WAL true

TIL 3g
00100000
00000000
00100010
01010001
00101000
00000000
00000000
00000000
NAME church1 75

TIL 3h
00001010
00000101
10000010
01000001
10100000
01010000
00100000
00000000
NAME church1 76

TIL 3i
00000000
00000000
10000000
01000000
10100000
01010000
00101000
00010100
NAME church1 77

TIL 3j
00000010
00000001
00000010
00000001
00000000
00000000
00000000
00000000
NAME church1 78

TIL 3k
10100010
00000001
10000000
00000000
10000000
00000000
00000000
00000000
NAME church1 79

TIL 3l
00000000
01000000
10000000
00000000
00000000
00000000
00000000
00000000
NAME church1 80

TIL 3m
01111110
01111111
01111110
01111111
01111110
01111110
01111110
01111111
NAME church2 1

TIL 3n
01111110
01111110
01111110
01111110
01111110
01111111
01111110
01111110
NAME church2 2

TIL 3o
01111110
01111111
11111110
01111110
01111110
01111111
11111110
01111110
NAME church2 3

TIL 3p
00011100
00011101
00011100
00011100
00011110
00011101
00011110
00011101
NAME church2 4

TIL 3q
11111100
11111100
11111100
11111100
11111100
11111100
11111100
11111100
NAME church2 5

TIL 3r
01111110
01101111
01110110
01111011
11111100
01111110
11110110
01111010
NAME church2 6

TIL 3s
00111111
00111111
10111111
01111111
10111111
00111111
00111111
00111111
NAME church2 7

TIL 3t
00011100
00011100
00011100
00011100
00011100
00011100
00011100
00011100
NAME church2 8

TIL 3u
01111100
10111100
11011100
11101100
01110100
10111000
11011100
11101000
NAME church2 9

TIL 3v
01111100
01111110
01111110
01111111
01011110
01101111
01010110
01101011
NAME church2 10

TIL 3w
00011111
00101111
00010111
00101011
10110101
01111010
10111101
01111111
NAME church2 11

TIL 3x
10111111
01111111
00111111
00111111
00111111
00111111
00111111
00111111
NAME church2 12

TIL 3y
00111000
00111000
00111000
00111000
10111000
01111000
10111000
01111000
NAME church2 13

TIL 3z
11101010
11110100
11101000
11100100
11100010
11100001
11100000
11100000
NAME church2 14

TIL 4a
11110100
10111000
11111100
11111100
11011100
11101000
11111100
11111100
NAME church2 15

TIL 4b
01110110
01111110
01111100
01101110
11110110
01111010
11111100
01111110
NAME church2 16

TIL 4c
10111111
01111111
00111111
00111111
00010111
00111111
00011111
00101111
NAME church2 17

TIL 4d
00111111
00111111
00111111
00111111
10111111
01111111
10111111
01111111
NAME church2 18

TIL 4e
00000111
00000111
00000111
00000111
00000111
00000111
10000101
00000110
NAME church2 19

TIL 4f
10111000
01111100
00111010
00111101
00111010
00111100
00111010
00111001
NAME church2 20

TIL 4g
11100000
11100000
11100000
11110100
11101010
11100101
11101000
11100100
NAME church2 21

TIL 4h
11110100
11111100
11110100
10111000
11011100
11101100
01110100
11111000
NAME church2 22

TIL 4i
01111110
01111110
11111110
01111111
01111110
01111110
11111110
01111111
NAME church2 23

TIL 4j
00011111
00111111
00111111
00111111
10111111
01111011
00111101
00111110
NAME church2 24

TIL 4k
11111100
11111100
11111100
11111100
11111100
11111101
11111100
00000000
NAME church2 25
WAL true

TIL 4l
01111110
01111110
01110110
01111010
01111100
01111110
01011110
00010100
NAME church2 26
WAL true

TIL 4m
01111110
01111111
01111110
01111111
01111110
01111110
01111110
00000000
NAME church2 27
WAL true

TIL 4n
10111111
01111111
10111111
01111111
10111111
01111111
00111111
00000101
NAME church2 28
WAL true

TIL 4o
00111111
00111111
00111111
00111111
10111111
01111111
10111111
01000101
NAME church2 29
WAL true

TIL 4p
00100000
00000000
00011000
00111100
00111100
01111110
01111110
01111110
NAME church2 30

TIL 4q
01111110
01111110
01111110
01111110
01111110
01111110
01111110
01111110
NAME church2 31

TIL 4r
00000000
00000000
00000000
00000000
00000000
00001000
00011100
00011100
NAME church2 32

TIL 4s
00110000
01111000
01111000
11111100
11111100
11111100
11111100
11111100
NAME church2 33

TIL 4t
01111110
01111110
01111110
01111111
01111110
01111111
01111110
01111110
NAME church2 34

TIL 4u
00111111
00111111
10111111
00111111
10111111
01111111
00111111
00111111
NAME church2 35
WAL false

TIL 4v
00111000
00111000
00111000
00111000
00111000
00111000
00111000
00111000
NAME church2 36

TIL 4w
11101010
11110001
11101000
11100101
11100010
11110000
11101000
11110100
NAME church2 37
WAL false

TIL 4x
00000111
00000111
00001111
00000111
00001111
00000111
00000111
00000111
NAME church2 38

TIL 4y
11111100
10111100
11011100
10111100
01011100
10101100
11010100
11101100
NAME church2 39

TIL 4z
01111110
01111110
01111110
01111111
01111110
01111110
01111110
01111110
NAME church2 40

TIL 5a
01111110
01111111
01111110
01111111
01111110
01111111
01111110
01111110
NAME church2 41

TIL 5b
00111111
00111111
00111111
00111111
00111111
00111111
00111111
00111111
NAME church2 42

TIL 5c
00000111
00000111
00000111
00000110
00000111
00000111
00000111
00000111
NAME church2 43
WAL false

TIL 5d
11100010
11100000
00000000
00000000
00000000
00000000
00000000
00000000
NAME church2 44
WAL true

TIL 5e
11011100
11101100
11010100
11101100
01110100
11111000
11111100
01000000
NAME church2 45
WAL true

TIL uj
00010000
00111000
00010000
00000000
00111000
00101000
00101000
01111100
>
00000000
00010000
00000000
00000000
00111000
00101000
00101000
01111100
NAME candle
WAL true

TIL uk
01000000
11100000
01000000
00000100
11100000
10100000
10101110
10101010
>
00000000
01000000
00000100
00001110
11100100
10100000
10101110
10101010
NAME candle2
WAL true

TIL ul
10101010
10101010
10101010
10101010
10101010
10101010
10101010
11101110
NAME candle3

TIL um
00000001
00000000
00000000
01000000
00000000
00010000
00000000
00000000
NAME stars 1

TIL un
00001000
00000000
00000000
00000000
00000001
00000000
00000000
00000100
NAME stars2

TIL uo
00000000
00000000
01000000
00000000
00010000
00000000
00000000
00000000
NAME stars3

TIL up
00000000
00000000
00000000
00000000
00000000
00000000
00000010
00000000
NAME stars4

TIL uq
00100000
10010010
01001001
00100100
00010010
01000000
00100100
00010010
>
00100100
10000010
01001000
00000100
10000010
01001001
00000100
00010010

TIL ur
00010000
00111000
00010000
00000000
00111000
00101000
00101000
01111100
>
00000000
00010000
00000000
00000000
00111000
00101000
00101000
01111100
WAL false

TIL us
01000010
00101000
01010010
10001001
01010100
10101001
01000010
10100101
>
00000010
00101000
00000010
00000001
01000100
00000001
00000010
00000001
NAME glitch1
WAL false

SPR A
00001100
00011110
00011100
00100100
00001100
11111100
00101000
00101000
POS 2 5,11

SPR a
00011000
00101000
00010000
00111000
10111010
00111000
00101000
00101000
NAME person1
DLG SPR_0

SPR b
00111110
01000001
10011001
10100101
10101101
10100001
10011110
01110000
NAME shell

SPR c
01000000
00100000
00010000
00001000
00110100
00010000
00001000
00000100
>
01000000
00100000
00010000
00001000
00000000
00000000
00000000
00000000

SPR d
00011000
00101000
00010000
00111000
10111010
00111000
00101000
00101000
NAME person2
DLG SPR_1

SPR e
00011000
00101000
00010000
00111000
10111010
00111000
00101000
00101000
NAME person3
DLG SPR_2
POS 1g 7,5

ITM 1
00000000
00100000
01110000
00100100
00000100
00001110
00000100
00000100
>
00000000
00000100
00001110
01000100
01000000
11100000
01000000
01000000
NAME stars-1
DLG ITM_2

ITM 2
00000000
00100000
01110000
00100100
00000100
00001110
00000100
00000100
>
00000000
00000100
00001110
01000100
01000000
11100000
01000000
01000000
NAME ebb-tide
DLG ITM_0

ITM 3
00000000
00100000
01110000
00100100
00000100
00001110
00000100
00000100
>
00000000
00000100
00001110
01000100
01000000
11100000
01000000
01000000
NAME stars

ITM 4
00000000
00000000
01010101
11111111
00000000
00000000
10101010
11111111
NAME exittile-tryagain
DLG ITM_3

ITM 5
01000000
00100000
00010000
00001000
00110100
00010000
00001000
00000100
>
00000000
00000000
00000000
00000000
00000000
00000000
00000000
00000000
NAME lightning

ITM 6
00000000
00000000
00000000
00000000
00110110
01001001
00000000
00000000
>
00000000
00000000
00000000
00000000
00000000
01101100
10010010
00000000
NAME bird

ITM 7
00000000
00000000
01010101
11111111
00000000
00000000
10101010
11111111
NAME exit-weep-promise
DLG ITM_4

ITM 8
00000000
00000000
01010101
11111111
00000000
00000000
10101010
11111111
NAME exit-promise
DLG ITM_5

ITM 9
00000000
00000000
01010101
11111111
00000000
00000000
10101010
11111111
NAME intertitle-1-stars
DLG ITM_6

ITM a
00000000
00100000
01110000
00100100
00000100
00001110
00000100
00000100
>
00000000
00000100
00001110
01000100
01000000
11100000
01000000
01000000
NAME stars2
DLG ITM_7

ITM b
00000000
00100000
01110000
00100100
00000100
00001110
00000100
00000100
>
00000000
00000100
00001110
01000100
01000000
11100000
01000000
01000000
NAME stars3
DLG ITM_8

ITM c
00000000
00100000
01110000
00100100
00000100
00001110
00000100
00000100
>
00000000
00000100
00001110
01000100
01000000
11100000
01000000
01000000
NAME stars4
DLG ITM_9

ITM d
00000000
00100000
01110000
00100100
00000100
00001110
00000100
00000100
>
00000000
00000100
00001110
01000100
01000000
11100000
01000000
01000000
NAME stars5
DLG ITM_a

ITM e
00000000
00100000
01110000
00100100
00000100
00001110
00000100
00000100
>
00000000
00000100
00001110
01000100
01000000
11100000
01000000
01000000
NAME stars6
DLG ITM_b

ITM f
00000000
00100000
01110000
00100100
00000100
00001110
00000100
00000100
>
00000000
00000100
00001110
01000100
01000000
11100000
01000000
01000000
NAME stars7
DLG ITM_c

ITM g
00000000
00100000
01110000
00100100
00000100
00001110
00000100
00000100
>
00000000
00000100
00001110
01000100
01000000
11100000
01000000
01000000
NAME stars8
DLG ITM_d

ITM h
00000000
00100000
01110000
00100100
00000100
00001110
00000100
00000100
>
00000000
00000100
00001110
01000100
01000000
11100000
01000000
01000000
NAME stars9
DLG ITM_e

ITM i
00000000
00100000
01110000
00100100
00000100
00001110
00000100
00000100
>
00000000
00000100
00001110
01000100
01000000
11100000
01000000
01000000
DLG ITM_f

ITM j
00000000
00000000
01010101
11111111
00000000
00000000
10101010
11111111
DLG ITM_g

ITM k
00000000
00100000
01110000
00100100
00000100
00001110
00000100
00000100
>
00000000
00000100
00001110
01000100
01000000
11100000
01000000
01000000
DLG ITM_h

DLG ITM_0
"""
the ebb tide
takes you in its jaw
you finally find
the {wvy}ocean{wvy}
"""

DLG ITM_1
"""
{clr1}the {wvy}ocean{wvy} weeps{clr1}i will not listen again
i will not grant wishes
again
"""

DLG ITM_2
"""
the {wvy}ocean{wvy} weeps

{clr2}{wvy}i will not listen again

i will not grant wishes
again{wvy}{clr2}
"""

DLG ITM_3
you decide to try again tomorrow

DLG ITM_4
"""
the {wvy}ocean{wvy} weeps
you promise to visit tomorrow
"""

DLG ITM_5
you promise to visit tomorrow

DLG ITM_6
"""
will you try?

for you are young, and so is the night
"""

DLG ITM_7
"""
the {wvy}ocean{wvy} weeps

{clr2}{wvy}i always listen
i always help
but who helps the {shk}ocean{shk}?
who listens to the {shk}ocean{shk}?
i will not grant wishes
again{wvy}{clr2}
"""

DLG ITM_8
"""
the {wvy}ocean{wvy} weeps

{clr2}{wvy}people always say

i am strong
i am resilient
is it why no one asks me
if im okay?
i will not grant wishes
again{wvy}{clr2}
"""

DLG ITM_9
"""
the {wvy}ocean{wvy} weeps

you ask 

{clr3}are you okay?
im listening{clr3}

the {wvy}ocean{wvy} doesnt respond
"""

DLG ITM_a
"""
the {wvy}ocean{wvy} weeps

{clr2}{wvy}why do you care?
you only want your wish
everyone only wants their wish
is this why i exist?
i will not grant wishes
again{wvy}{clr2}
"""

DLG ITM_b
"""
the {wvy}ocean{wvy} weeps
you say
{clr3}i am not here for a wish
i am here
to feel
the sand
the wind
the water
on the first night
i came here 
to die{clr3}

the {wvy}ocean{wvy} weeps
"""

DLG ITM_c
"""
the {wvy}ocean{wvy} weeps
you ask why
{clr2}{wvy}i weep
for we are the same
and i dont know
how to help us{wvy}{clr2}
"""

DLG ITM_d
"""
the {wvy}ocean{wvy} weeps

the {wvy}ocean{wvy} tells you
that it likes you being around
that its world is better with you around
that it wants to listen
to you
"""

DLG ITM_e
"""
the {wvy}ocean{wvy} weeps

{clr2}{wvy}thanks for being around

you listened
and it helped
and i cried 
and it helped
and you stayed
and it helped
and now
i will help
make a wish
i will help{wvy}{clr2}
"""

DLG SPR_0
"""
everyone is looking for the {wvy}ocean{wvy}
everyone thinks the {wvy}ocean{wvy} will make them happy
everyone knows the {wvy}ocean{wvy} listens to you and grants wishes
"""

DLG SPR_1
"""
one must
ask the {wvy}ocean{wvy}
for nine days
"""

DLG SPR_2
"""
but these days the people are angry
the {wvy}ocean{wvy} hasnt responded

the {wvy}ocean{wvy} no longer grants wishes
"""

DLG ITM_f
"""
everyone is looking for the {wvy}ocean{wvy}
everyone thinks the {wvy}ocean{wvy} will make them happy
everyone knows the {wvy}ocean{wvy} listens to you and grants wishes
"""

DLG ITM_g
"""
one must
ask the {wvy}ocean{wvy}
for nine days
"""

DLG ITM_h
"""
but these days the people are angry
the {wvy}ocean{wvy} hasnt responded
the {wvy}ocean{wvy} no longer grants wishes
"""

END 0


END undefined
you wish to visit tomorrow


